chain,contract_reuse_count,runtime_group_count,contracts_in_group,cumulative_contracts,total_contracts,cumulative_contract_fraction,cumulative_runtime_groups,total_runtime_groups,cumulative_runtime_fraction
ethereum,1,314268,314268,314268,72881396,0.004312046931702571,314268,362813,0.8661982894769482
ethereum,2,13889,27778,342046,72881396,0.004693186722164323,328157,362813,0.9044797182019387
ethereum,3,6004,18012,360058,72881396,0.004940327981642942,334161,362813,0.9210281880748484
ethereum,4,3459,13836,373894,72881396,0.005130170667971288,337620,362813,0.930562025065254
ethereum,5,2357,11785,385679,72881396,0.005291871741864001,339977,362813,0.9370584846739229
ethereum,6,1791,10746,396425,72881396,0.005439316777082591,341768,362813,0.9419949119794495
ethereum,7,1419,9933,406358,72881396,0.005575606702154827,343187,362813,0.9459060177005786
ethereum,8,1231,9848,416206,72881396,0.005710730348798478,344418,362813,0.9492989501478724
ethereum,9,973,8757,424963,72881396,0.005830884468788167,345391,362813,0.9519807724640518
ethereum,10,969,9690,434653,72881396,0.005963840209646918,346360,362813,0.9546515698169581
ethereum,11,771,8481,443134,72881396,0.006080207354974375,347131,362813,0.9567766314878463
ethereum,12,598,7176,450310,72881396,0.006178668696192373,347729,362813,0.9584248634971735
ethereum,13,548,7124,457434,72881396,0.00627641654943053,348277,362813,0.959935283465587
ethereum,14,470,6580,464014,72881396,0.006366700220725739,348747,362813,0.9612307166501751
ethereum,15,427,6405,470419,72881396,0.0064545827305503315,349174,362813,0.9624076314795776
ethereum,16,409,6544,476963,72881396,0.0065443724486287285,349583,362813,0.9635349339742512
ethereum,17,396,6732,483695,72881396,0.006636741700172703,349979,362813,0.9646264053382873
ethereum,18,371,6678,490373,72881396,0.006728370021891457,350350,362813,0.9656489706818664
ethereum,19,334,6346,496719,72881396,0.0068154429972773845,350684,362813,0.9665695551151695
ethereum,20,389,7780,504499,72881396,0.006922191775799684,351073,362813,0.9676417327934776
ethereum,21,253,5313,509812,72881396,0.006995091038047624,351326,362813,0.9683390617205007
ethereum,22,260,5720,515532,72881396,0.007073574715830086,351586,362813,0.9690556843332515
ethereum,23,251,5773,521305,72881396,0.007152785602515078,351837,362813,0.969747500778638
ethereum,24,231,5544,526849,72881396,0.007228854397904234,352068,362813,0.970384192407659
ethereum,25,250,6250,533099,72881396,0.007314610164711993,352318,362813,0.9710732526122272
ethereum,26,208,5408,538507,72881396,0.007388812914615412,352526,362813,0.971646550702428
ethereum,27,185,4995,543502,72881396,0.007457348923448173,352711,362813,0.9721564552538084
ethereum,28,182,5096,548598,72881396,0.007527270745472548,352893,362813,0.972658091082734
ethereum,29,172,4988,553586,72881396,0.007595710707846485,353065,362813,0.973132164503477
ethereum,30,227,6810,560396,72881396,0.007689150191360221,353292,362813,0.9737578311692249
ethereum,31,148,4588,564984,72881396,0.0077521017846584606,353440,362813,0.9741657548103293
ethereum,32,141,4512,569496,72881396,0.007814010587832319,353581,362813,0.9745543847657058
ethereum,33,136,4488,573984,72881396,0.007875590088861635,353717,362813,0.9749292335169909
ethereum,34,132,4488,578472,72881396,0.007937169589890951,353849,362813,0.9752930573050028
ethereum,35,120,4200,582672,72881396,0.007994797465185766,353969,362813,0.9756238062031956
ethereum,36,133,4788,587460,72881396,0.008060493243021855,354102,362813,0.9759903862320258
ethereum,37,120,4440,591900,72881396,0.008121414139762088,354222,362813,0.9763211351302186
ethereum,38,121,4598,596498,72881396,0.00818450294228722,354343,362813,0.9766546402692297
ethereum,39,118,4602,601100,72881396,0.00824764662850311,354461,362813,0.9769798766857858
ethereum,40,134,5360,606460,72881396,0.008321190774117445,354595,362813,0.9773492129554343
ethereum,41,93,3813,610273,72881396,0.008373508652331522,354688,362813,0.9776055433515337
ethereum,42,103,4326,614599,72881396,0.008432865363885182,354791,362813,0.9778894361558158
ethereum,43,77,3311,617910,72881396,0.00847829533890926,354868,362813,0.9781016666988228
ethereum,44,101,4444,622354,72881396,0.00853927111934025,354969,362813,0.9783800470214684
ethereum,45,87,3915,626269,72881396,0.00859298853166863,355056,362813,0.9786198399726581
ethereum,46,98,4508,630777,72881396,0.008654842451151732,355154,362813,0.9788899515728489
ethereum,47,89,4183,634960,72881396,0.008712237070760829,355243,362813,0.979135257005675
ethereum,48,76,3648,638608,72881396,0.008762290996731183,355319,362813,0.9793447313078638
ethereum,49,77,3773,642381,72881396,0.008814060038037691,355396,362813,0.9795569618508708
ethereum,50,211,10550,652931,72881396,0.008958815772409189,355607,362813,0.9801385286635264
ethereum,51,79,4029,656960,72881396,0.009014097369924144,355686,362813,0.98035627168817
ethereum,52,76,3952,660912,72881396,0.009068322456392027,355762,362813,0.9805657459903586
ethereum,53,86,4558,665470,72881396,0.009130862422009589,355848,362813,0.9808027827007302
ethereum,54,69,3726,669196,72881396,0.009181986579949704,355917,362813,0.980992963317191
ethereum,55,69,3795,672991,72881396,0.009234057481555376,355986,362813,0.9811831439336518
ethereum,56,73,4088,677079,72881396,0.009290148613508995,356059,362813,0.9813843495133857
ethereum,57,57,3249,680328,72881396,0.00933472789132634,356116,362813,0.9815414552400272
ethereum,58,54,3132,683460,72881396,0.009377701821189046,356170,362813,0.981690292244214
ethereum,59,48,2832,686292,72881396,0.009416559474244978,356218,362813,0.9818225918034911
ethereum,60,79,4740,691032,72881396,0.009481596647791982,356297,362813,0.9820403348281346
ethereum,61,42,2562,693594,72881396,0.009516749651721819,356339,362813,0.982156096942502
ethereum,62,61,3782,697376,72881396,0.009568642181332531,356400,362813,0.9823242276324167
ethereum,63,66,4158,701534,72881396,0.009625693777874398,356466,362813,0.9825061395264227
ethereum,64,52,3328,704862,72881396,0.009671357008584193,356518,362813,0.9826494640489729
ethereum,65,41,2665,707527,72881396,0.009707923267551022,356559,362813,0.982762469922522
ethereum,66,41,2706,710233,72881396,0.00974505208434811,356600,362813,0.9828754757960713
ethereum,67,48,3216,713449,72881396,0.009789178571716711,356648,362813,0.9830077753553483
ethereum,68,51,3468,716917,72881396,0.009836762731603001,356699,362813,0.9831483436370803
ethereum,69,55,3795,720712,72881396,0.009888833633208673,356754,362813,0.9832999368820853
ethereum,70,53,3710,724422,72881396,0.009939738256385758,356807,362813,0.9834460176454537
ethereum,71,29,2059,726481,72881396,0.009967989636202906,356836,362813,0.9835259486291836
ethereum,72,47,3384,729865,72881396,0.0100144212385833,356883,362813,0.9836554919476425
ethereum,73,47,3431,733296,72881396,0.010061497724330088,356930,362813,0.9837850352661013
ethereum,74,37,2738,736034,72881396,0.010099065610653232,356967,362813,0.9838870161763774
ethereum,75,50,3750,739784,72881396,0.010150519070737888,357017,362813,0.984024828217291
ethereum,76,32,2432,742216,72881396,0.010183888354718123,357049,362813,0.9841130279234758
ethereum,77,33,2541,744757,72881396,0.010218753219271485,357082,362813,0.9842039838704787
ethereum,78,40,3120,747877,72881396,0.01026156249806192,357122,362813,0.9843142335032097
ethereum,79,36,2844,750721,72881396,0.010300584802190123,357158,362813,0.9844134581726675
ethereum,80,47,3760,754481,72881396,0.010352175471501671,357205,362813,0.9845430014911263
ethereum,81,45,3645,758126,72881396,0.010402188234703957,357250,362813,0.9846670323279486
ethereum,82,47,3854,761980,72881396,0.010455068670748293,357297,362813,0.9847965756464073
ethereum,83,35,2905,764885,72881396,0.01049492795116054,357332,362813,0.984893044075047
ethereum,84,32,2688,767573,72881396,0.010531809791349222,357364,362813,0.9849812437812316
ethereum,85,29,2465,770038,72881396,0.010565631865778202,357393,362813,0.9850611747649616
ethereum,86,26,2236,772274,72881396,0.010596311848911346,357419,362813,0.9851328370262367
ethereum,87,38,3306,775580,72881396,0.01064167321932198,357457,362813,0.985237574177331
ethereum,88,24,2112,777692,72881396,0.010670651808041658,357481,362813,0.9853037239569695
ethereum,89,48,4272,781964,72881396,0.010729267589770098,357529,362813,0.9854360235162467
ethereum,90,34,3060,785024,72881396,0.010771253613199177,357563,362813,0.985529735704068
ethereum,91,24,2184,787208,72881396,0.01080122010835248,357587,362813,0.9855958854837065
ethereum,92,32,2944,790152,72881396,0.010841614504749608,357619,362813,0.9856840851898913
ethereum,93,24,2232,792384,72881396,0.010872239604191994,357643,362813,0.9857502349695297
ethereum,94,18,1692,794076,72881396,0.010895455405382191,357661,362813,0.9857998473042586
ethereum,95,36,3420,797496,72881396,0.010942380960979397,357697,362813,0.9858990719737165
ethereum,96,28,2688,800184,72881396,0.010979262801168078,357725,362813,0.9859762467166281
ethereum,97,26,2522,802706,72881396,0.011013866968190346,357751,362813,0.9860479089779032
ethereum,98,33,3234,805940,72881396,0.011058240432167353,357784,362813,0.9861388649249062
ethereum,99,29,2871,808811,72881396,0.011097633201208166,357813,362813,0.9862187959086361
ethereum,100,265,26500,835311,72881396,0.011461237652473068,358078,362813,0.9869491997254785
ethereum,101,21,2121,837432,72881396,0.01149033972949695,358099,362813,0.9870070807826622
ethereum,102,39,3978,841410,72881396,0.011544921559954752,358138,362813,0.9871145741745748
ethereum,103,25,2575,843985,72881396,0.011580252935879548,358163,362813,0.9871834801950315
ethereum,104,18,1872,845857,72881396,0.011605938503153808,358181,362813,0.9872330925297605
ethereum,105,26,2730,848587,72881396,0.011643396622095438,358207,362813,0.9873047547910356
ethereum,106,25,2650,851237,72881396,0.011679757067221928,358232,362813,0.9873736608114925
ethereum,107,35,3745,854982,72881396,0.011731141922693138,358267,362813,0.987470129240132
ethereum,108,28,3024,858006,72881396,0.011772633992905405,358295,362813,0.9875473039830436
ethereum,109,15,1635,859641,72881396,0.011795067701502316,358310,362813,0.9875886475953177
ethereum,110,29,3190,862831,72881396,0.011838837444880996,358339,362813,0.9876685785790477
ethereum,111,24,2664,865495,72881396,0.011875389982925135,358363,362813,0.9877347283586861
ethereum,112,21,2352,867847,72881396,0.011907661593090231,358384,362813,0.9877926094158699
ethereum,113,29,3277,871124,72881396,0.011952625056742876,358413,362813,0.9878725403995998
ethereum,114,22,2508,873632,72881396,0.011987037130847493,358435,362813,0.9879331776976018
ethereum,115,27,3105,876737,72881396,0.01202964059579759,358462,362813,0.9880075961996951
ethereum,116,20,2320,879057,72881396,0.012061473136436629,358482,362813,0.9880627210160606
ethereum,117,19,2223,881280,72881396,0.012091974747574813,358501,362813,0.9881150895916078
ethereum,118,21,2478,883758,72881396,0.012125975193998753,358522,362813,0.9881729706487915
ethereum,119,14,1666,885424,72881396,0.012148834251199031,358536,362813,0.9882115580202473
ethereum,120,28,3360,888784,72881396,0.012194936551434882,358564,362813,0.988288732763159
ethereum,121,18,2178,890962,72881396,0.01222482072105205,358582,362813,0.9883383450978879
ethereum,122,20,2440,893402,72881396,0.0122582997724138,358602,362813,0.9883934699142534
ethereum,123,13,1599,895001,72881396,0.012280239527793897,358615,362813,0.9884293010448909
ethereum,124,16,1984,896985,72881396,0.012307461838409353,358631,362813,0.9884734008979833
ethereum,125,20,2500,899485,72881396,0.012341764145132456,358651,362813,0.9885285257143487
ethereum,126,11,1386,900871,72881396,0.012360781343979745,358662,362813,0.9885588443633497
ethereum,127,17,2159,903030,72881396,0.012390404816065818,358679,362813,0.9886057004572604
ethereum,128,19,2432,905462,72881396,0.012423774100046053,358698,362813,0.9886580690328075
ethereum,129,22,2838,908300,72881396,0.01246271407863812,358720,362813,0.9887187063308095
ethereum,130,14,1820,910120,72881396,0.01248768615793254,358734,362813,0.9887572937022654
ethereum,131,12,1572,911692,72881396,0.012509255448400028,358746,362813,0.9887903685920846
ethereum,132,16,2112,913804,72881396,0.012538234037119705,358762,362813,0.988834468445177
ethereum,133,20,2660,916464,72881396,0.01257473169147309,358782,362813,0.9888895932615425
ethereum,134,19,2546,919010,72881396,0.012609665160639898,358801,362813,0.9889419618370896
ethereum,135,24,3240,922250,72881396,0.012654120950153041,358825,362813,0.9890081116167282
ethereum,136,7,952,923202,72881396,0.012667183268553199,358832,362813,0.989027405302456
ethereum,137,17,2329,925531,72881396,0.012699139297496442,358849,362813,0.9890742613963667
ethereum,138,16,2208,927739,72881396,0.012729435094794288,358865,362813,0.9891183612494591
ethereum,139,18,2502,930241,72881396,0.01276376484336277,358883,362813,0.989167973584188
ethereum,140,20,2800,933041,72881396,0.012802183426892646,358903,362813,0.9892230984005534
ethereum,141,14,1974,935015,72881396,0.012829268528281208,358917,362813,0.9892616857720092
ethereum,142,8,1136,936151,72881396,0.012844855496456187,358925,362813,0.9892837356985554
ethereum,143,13,1859,938010,72881396,0.012870362691735488,358938,362813,0.989319566829193
ethereum,144,20,2880,940890,72881396,0.012909878949080503,358958,362813,0.9893746916455585
ethereum,145,12,1740,942630,72881396,0.012933753354559784,358970,362813,0.9894077665353778
ethereum,146,8,1168,943798,72881396,0.012949779392260817,358978,362813,0.989429816461924
ethereum,147,14,2058,945856,72881396,0.012978017051155278,358992,362813,0.9894684038333798
ethereum,148,12,1776,947632,72881396,0.01300238540985137,359004,362813,0.989501478723199
ethereum,149,11,1639,949271,72881396,0.013024874002139038,359015,362813,0.9895317973722
ethereum,150,34,5100,954371,72881396,0.01309485070785417,359049,362813,0.9896255095600213
ethereum,151,10,1510,955881,72881396,0.013115569301114923,359059,362813,0.989653071968204
ethereum,152,13,1976,957857,72881396,0.013142681844348865,359072,362813,0.9896889030988415
ethereum,153,14,2142,959999,72881396,0.01317207206074922,359086,362813,0.9897274904702974
ethereum,154,19,2926,962925,72881396,0.013212219480537942,359105,362813,0.9897798590458445
ethereum,155,19,2945,965870,72881396,0.013252627597857758,359124,362813,0.9898322276213918
ethereum,156,7,1092,966962,72881396,0.013267610845434409,359131,362813,0.9898515213071196
ethereum,157,9,1413,968375,72881396,0.013286998509194308,359140,362813,0.9898763274744841
ethereum,158,14,2212,970587,72881396,0.01331734919018291,359154,362813,0.98991491484594
ethereum,159,15,2385,972972,72881396,0.013350073590796752,359169,362813,0.989956258458214
ethereum,160,19,3040,976012,72881396,0.013391785195772046,359188,362813,0.9900086270337612
ethereum,161,5,805,976817,72881396,0.013402830538536884,359193,362813,0.9900224082378526
ethereum,162,13,2106,978923,72881396,0.013431726801720428,359206,362813,0.9900582393684901
ethereum,163,11,1793,980716,72881396,0.013456328416102238,359217,362813,0.9900885580174911
ethereum,164,9,1476,982192,72881396,0.01347658049799156,359226,362813,0.9901133641848555
ethereum,165,10,1650,983842,72881396,0.013499220020428807,359236,362813,0.9901409265930383
ethereum,166,14,2324,986166,72881396,0.013531107444758605,359250,362813,0.9901795139644941
ethereum,167,16,2672,988838,72881396,0.013567769750184259,359266,362813,0.9902236138175865
ethereum,168,13,2184,991022,72881396,0.013597736245337562,359279,362813,0.990259444948224
ethereum,169,8,1352,992374,72881396,0.013616286932813417,359287,362813,0.9902814948747702
ethereum,170,12,2040,994414,72881396,0.01364427761509947,359299,362813,0.9903145697645894
ethereum,171,8,1368,995782,72881396,0.013663047837338353,359307,362813,0.9903366196911356
ethereum,172,10,1720,997502,72881396,0.013686647824363848,359317,362813,0.9903641820993184
ethereum,173,11,1903,999405,72881396,0.013712758740241474,359328,362813,0.9903945007483194
ethereum,174,13,2262,1001667,72881396,0.013743795467364539,359341,362813,0.9904303318789569
ethereum,175,13,2275,1003942,72881396,0.013775010566482563,359354,362813,0.9904661630095944
ethereum,176,6,1056,1004998,72881396,0.013789499860842403,359360,362813,0.9904827004545042
ethereum,177,14,2478,1007476,72881396,0.013823500307266343,359374,362813,0.9905212878259599
ethereum,178,10,1780,1009256,72881396,0.013847923549653193,359384,362813,0.9905488502341426
ethereum,179,8,1432,1010688,72881396,0.013867571910944187,359392,362813,0.9905709001606888
ethereum,180,19,3420,1014108,72881396,0.013914497466541392,359411,362813,0.9906232687362361
ethereum,181,10,1810,1015918,72881396,0.01393933233660892,359421,362813,0.9906508311444188
ethereum,182,10,1820,1017738,72881396,0.01396430441590334,359431,362813,0.9906783935526015
ethereum,183,10,1830,1019568,72881396,0.013989413704424651,359441,362813,0.9907059559607843
ethereum,184,9,1656,1021224,72881396,0.014012135552398036,359450,362813,0.9907307621281487
ethereum,185,14,2590,1023814,72881396,0.014047672742163172,359464,362813,0.9907693494996045
ethereum,186,7,1302,1025116,72881396,0.014065537383504564,359471,362813,0.9907886431853324
ethereum,187,12,2244,1027360,72881396,0.014096327134019222,359483,362813,0.9908217180751516
ethereum,188,9,1692,1029052,72881396,0.01411954293520942,359492,362813,0.9908465242425161
ethereum,189,5,945,1029997,72881396,0.014132509207150753,359497,362813,0.9908603054466075
ethereum,190,15,2850,1032847,72881396,0.01417161383681509,359512,362813,0.9909016490588816
ethereum,191,9,1719,1034566,72881396,0.014195200102917896,359521,362813,0.990926455226246
ethereum,192,11,2112,1036678,72881396,0.014224178691637576,359532,362813,0.990956773875247
ethereum,193,15,2895,1039573,72881396,0.01426390076282293,359547,362813,0.9909981174875211
ethereum,194,7,1358,1040931,72881396,0.014282533775834919,359554,362813,0.991017411173249
ethereum,195,11,2145,1043076,72881396,0.014311965155003343,359565,362813,0.99104772982225
ethereum,196,8,1568,1044644,72881396,0.014333479561780074,359573,362813,0.9910697797487962
ethereum,197,12,2364,1047008,72881396,0.01436591582301744,359585,362813,0.9911028546386155
ethereum,198,8,1584,1048592,72881396,0.0143876497645572,359593,362813,0.9911249045651617
ethereum,199,9,1791,1050383,72881396,0.01441222393709363,359602,362813,0.9911497107325261
ethereum,200,73,14600,1064983,72881396,0.014612549408356558,359675,362813,0.99135091631226
ethereum,201,14,2814,1067797,72881396,0.014651160084804084,359689,362813,0.9913895036837158
ethereum,202,7,1414,1069211,72881396,0.01467056146948667,359696,362813,0.9914087973694438
ethereum,203,10,2030,1071241,72881396,0.014698414942545831,359706,362813,0.9914363597776265
ethereum,204,10,2040,1073281,72881396,0.014726405624831884,359716,362813,0.9914639221858093
ethereum,205,13,2665,1075946,72881396,0.014762971883798713,359729,362813,0.9914997533164468
ethereum,206,10,2060,1078006,72881396,0.01479123698453855,359739,362813,0.9915273157246295
ethereum,207,4,828,1078834,72881396,0.014802597908525244,359743,362813,0.9915383406879026
ethereum,208,8,1664,1080498,72881396,0.01482542952388014,359751,362813,0.9915603906144488
ethereum,209,6,1254,1081752,72881396,0.01484263556093245,359757,362813,0.9915769280593584
ethereum,210,12,2520,1084272,72881396,0.014877212286109338,359769,362813,0.9916100029491777
ethereum,211,9,1899,1086171,72881396,0.014903268318296208,359778,362813,0.9916348091165421
ethereum,212,6,1272,1087443,72881396,0.014920721331956923,359784,362813,0.9916513465614518
ethereum,213,9,1917,1089360,72881396,0.0149470243407522,359793,362813,0.9916761527288163
ethereum,214,8,1712,1091072,72881396,0.014970514560396182,359801,362813,0.9916982026553625
ethereum,215,9,1935,1093007,72881396,0.014997064545799863,359810,362813,0.9917230088227269
ethereum,216,12,2592,1095599,72881396,0.015032629177410379,359822,362813,0.9917560837125461
ethereum,217,4,868,1096467,72881396,0.01504453893830464,359826,362813,0.9917671086758192
ethereum,218,8,1744,1098211,72881396,0.015068468227474676,359834,362813,0.9917891586023654
ethereum,219,4,876,1099087,72881396,0.015080487755750452,359838,362813,0.9918001835656385
ethereum,220,13,2860,1101947,72881396,0.015119729594641683,359851,362813,0.991836014696276
ethereum,221,5,1105,1103052,72881396,0.015134891214213296,359856,362813,0.9918497959003674
ethereum,222,12,2664,1105716,72881396,0.015171443752257435,359868,362813,0.9918828707901867
ethereum,223,7,1561,1107277,72881396,0.015192862112575341,359875,362813,0.9919021644759146
ethereum,224,11,2464,1109741,72881396,0.015226670466081633,359886,362813,0.9919324831249156
ethereum,225,8,1800,1111541,72881396,0.015251368126922267,359894,362813,0.9919545330514618
ethereum,226,10,2260,1113801,72881396,0.015282377412199953,359904,362813,0.9919820954596446
ethereum,227,10,2270,1116071,72881396,0.015313523906704532,359914,362813,0.9920096578678272
ethereum,228,9,2052,1118123,72881396,0.015341679240062855,359923,362813,0.9920344640351917
ethereum,229,10,2290,1120413,72881396,0.015373100153021218,359933,362813,0.9920620264433744
ethereum,230,3,690,1121103,72881396,0.015382567589676795,359936,362813,0.9920702951658292
ethereum,231,3,693,1121796,72881396,0.01539207618910044,359939,362813,0.9920785638882841
ethereum,232,8,1856,1123652,72881396,0.015417542221611671,359947,362813,0.9921006138148303
ethereum,233,11,2563,1126215,72881396,0.015452708946464198,359958,362813,0.9921309324638312
ethereum,234,8,1872,1128087,72881396,0.015478394513738458,359966,362813,0.9921529823903774
ethereum,235,3,705,1128792,72881396,0.015488067764234373,359969,362813,0.9921612511128323
ethereum,236,6,1416,1130208,72881396,0.01550749659076234,359975,362813,0.9921777885577419
ethereum,237,6,1422,1131630,72881396,0.015527007742826442,359981,362813,0.9921943260026514
ethereum,238,7,1666,1133296,72881396,0.015549866800026717,359988,362813,0.9922136196883794
ethereum,239,6,1434,1134730,72881396,0.01556954260316309,359994,362813,0.9922301571332891
ethereum,240,5,1200,1135930,72881396,0.01558600771039018,359999,362813,0.9922439383373804
ethereum,241,5,1205,1137135,72881396,0.015602541422230715,360004,362813,0.9922577195414718
ethereum,242,5,1210,1138345,72881396,0.015619143738684699,360009,362813,0.9922715007455631
ethereum,243,9,2187,1140532,72881396,0.01564915139660607,360018,362813,0.9922963069129276
ethereum,244,12,2928,1143460,72881396,0.01568932625824017,360030,362813,0.9923293818027469
ethereum,245,7,1715,1145175,72881396,0.01571285764065222,360037,362813,0.9923486754884748
ethereum,246,2,492,1145667,72881396,0.015719608334615325,360039,362813,0.9923541879701113
ethereum,247,2,494,1146161,72881396,0.01572638647042381,360041,362813,0.9923597004517478
ethereum,248,6,1488,1147649,72881396,0.015746803203385402,360047,362813,0.9923762378966575
ethereum,249,7,1743,1149392,72881396,0.01577071877163275,360054,362813,0.9923955315823855
ethereum,250,13,3250,1152642,72881396,0.015815311770372785,360067,362813,0.992431362713023
ethereum,251,3,753,1153395,72881396,0.015825643625157784,360070,362813,0.9924396314354778
ethereum,252,5,1260,1154655,72881396,0.01584293198774623,360075,362813,0.9924534126395691
ethereum,253,8,2024,1156679,72881396,0.015870703135269254,360083,362813,0.9924754625661153
ethereum,254,11,2794,1159473,72881396,0.015909039393262995,360094,362813,0.9925057812151163
ethereum,255,6,1530,1161003,72881396,0.015930032404977534,360100,362813,0.9925223186600259
ethereum,256,10,2560,1163563,72881396,0.015965157967061994,360110,362813,0.9925498810682087
ethereum,257,9,2313,1165876,72881396,0.01599689446124221,360119,362813,0.9925746872355732
ethereum,258,2,516,1166392,72881396,0.016003974457349857,360121,362813,0.9925801997172097
ethereum,259,10,2590,1168982,72881396,0.016039511647114993,360131,362813,0.9926077621253924
ethereum,260,3,780,1169762,72881396,0.0160502139668126,360134,362813,0.9926160308478472
ethereum,261,6,1566,1171328,72881396,0.016071700931743954,360140,362813,0.9926325682927569
ethereum,262,5,1310,1172638,72881396,0.01608967534046686,360145,362813,0.9926463494968483
ethereum,263,6,1578,1174216,72881396,0.01611132695647048,360151,362813,0.9926628869417579
ethereum,264,7,1848,1176064,72881396,0.016136683221600202,360158,362813,0.9926821806274858
ethereum,265,7,1855,1177919,72881396,0.016162135533188744,360165,362813,0.9927014743132136
ethereum,266,5,1330,1179249,72881396,0.016180384360365434,360170,362813,0.9927152555173051
ethereum,267,6,1602,1180851,72881396,0.0162023652785136,360176,362813,0.9927317929622147
ethereum,268,6,1608,1182459,72881396,0.016224428522197902,360182,362813,0.9927483304071243
ethereum,269,4,1076,1183535,72881396,0.016239192235011524,360186,362813,0.9927593553703974
ethereum,270,9,2430,1185965,72881396,0.01627253407714638,360195,362813,0.9927841615377618
ethereum,271,2,542,1186507,72881396,0.01627997081724395,360197,362813,0.9927896740193984
ethereum,272,9,2448,1188955,72881396,0.016313559635987213,360206,362813,0.9928144801867629
ethereum,273,3,819,1189774,72881396,0.016324797071669703,360209,362813,0.9928227489092177
ethereum,274,7,1918,1191692,72881396,0.01635111380138767,360216,362813,0.9928420425949456
ethereum,275,7,1925,1193617,72881396,0.016377526577564458,360223,362813,0.9928613362806735
ethereum,276,5,1380,1194997,72881396,0.016396461450875612,360228,362813,0.9928751174847649
ethereum,277,5,1385,1196382,72881396,0.01641546492880021,360233,362813,0.9928888986888562
ethereum,278,6,1668,1198050,72881396,0.016438351427845867,360239,362813,0.9929054361337659
ethereum,279,6,1674,1199724,72881396,0.016461320252427657,360245,362813,0.9929219735786755
ethereum,280,8,2240,1201964,72881396,0.01649205511925156,360253,362813,0.9929440235052217
ethereum,281,10,2810,1204774,72881396,0.016530610912008328,360263,362813,0.9929715859134044
ethereum,282,6,1692,1206466,72881396,0.01655382671319852,360269,362813,0.9929881233583141
ethereum,283,11,3113,1209579,72881396,0.016596539945530134,360280,362813,0.993018442007315
ethereum,284,10,2840,1212419,72881396,0.01663550736596758,360290,362813,0.9930460044154978
ethereum,285,3,855,1213274,72881396,0.01664723875486688,360293,362813,0.9930542731379526
ethereum,286,9,2574,1215848,72881396,0.016682556409868987,360302,362813,0.993079079305317
ethereum,287,1,287,1216135,72881396,0.0166864943146808,360303,362813,0.9930818355461354
ethereum,288,9,2592,1218727,72881396,0.016722058946291314,360312,362813,0.9931066417134998
ethereum,289,8,2312,1221039,72881396,0.01675378171954884,360320,362813,0.993128691640046
ethereum,290,5,1450,1222489,72881396,0.01677367705744824,360325,362813,0.9931424728441374
ethereum,291,6,1746,1224235,72881396,0.016797633788463658,360331,362813,0.993159010289047
ethereum,292,2,584,1224819,72881396,0.016805646807314174,360333,362813,0.9931645227706836
ethereum,293,3,879,1225698,72881396,0.016817707498358016,360336,362813,0.9931727914931383
ethereum,294,7,2058,1227756,72881396,0.016845945157252476,360343,362813,0.9931920851788663
ethereum,295,6,1770,1229526,72881396,0.016870231190412435,360349,362813,0.9932086226237758
ethereum,296,5,1480,1231006,72881396,0.01689053815599251,360354,362813,0.9932224038278672
ethereum,297,3,891,1231897,72881396,0.016902763498108625,360357,362813,0.993230672550322
ethereum,298,5,1490,1233387,72881396,0.016923207672915594,360362,362813,0.9932444537544134
ethereum,299,3,897,1234284,72881396,0.016935515340567846,360365,362813,0.9932527224768682
ethereum,300,25,7500,1241784,72881396,0.01703842226073716,360390,362813,0.9933216284973251
ethereum,301,5,1505,1243289,72881396,0.017059072249384466,360395,362813,0.9933354097014164
ethereum,302,2,604,1243893,72881396,0.01706735968668877,360397,362813,0.993340922183053
ethereum,303,3,909,1244802,72881396,0.017079832005413288,360400,362813,0.9933491909055078
ethereum,304,9,2736,1247538,72881396,0.017117372449891054,360409,362813,0.9933739970728722
ethereum,305,3,915,1248453,72881396,0.01712992709415171,360412,362813,0.9933822657953271
ethereum,306,2,612,1249065,72881396,0.017138324298837524,360414,362813,0.9933877782769636
ethereum,307,6,1842,1250907,72881396,0.017163598238431107,360420,362813,0.9934043157218733
ethereum,308,6,1848,1252755,72881396,0.017188954503560828,360426,362813,0.9934208531667829
ethereum,309,5,1545,1254300,72881396,0.017210153329115706,360431,362813,0.9934346343708742
ethereum,310,11,3410,1257710,72881396,0.01725694167548602,360442,362813,0.9934649530198753
ethereum,311,5,1555,1259265,72881396,0.01727827771026779,360447,362813,0.9934787342239666
ethereum,312,3,936,1260201,72881396,0.01729112049390492,360450,362813,0.9934870029464214
ethereum,313,6,1878,1262079,72881396,0.017316888386715315,360456,362813,0.993503540391331
ethereum,314,5,1570,1263649,72881396,0.017338430235337425,360461,362813,0.9935173215954224
ethereum,315,3,945,1264594,72881396,0.01735139650727876,360464,362813,0.9935255903178772
ethereum,316,4,1264,1265858,72881396,0.01736873975355796,360468,362813,0.9935366152811503
ethereum,317,3,951,1266809,72881396,0.01738178835103543,360471,362813,0.9935448840036052
ethereum,318,3,954,1267763,72881396,0.017394878111280963,360474,362813,0.9935531527260599
ethereum,319,5,1595,1269358,72881396,0.017416762982970305,360479,362813,0.9935669339301514
ethereum,320,5,1600,1270958,72881396,0.01743871645927309,360484,362813,0.9935807151342427
ethereum,321,3,963,1271921,72881396,0.01745192970782283,360487,362813,0.9935889838566975
ethereum,322,1,322,1272243,72881396,0.017456347844928766,360488,362813,0.9935917400975158
ethereum,323,1,323,1272566,72881396,0.017460779702957393,360489,362813,0.9935944963383341
ethereum,324,2,648,1273214,72881396,0.01746967086086002,360491,362813,0.9936000088199706
ethereum,325,6,1950,1275164,72881396,0.01749642666010404,360497,362813,0.9936165462648803
ethereum,326,5,1630,1276794,72881396,0.017518791764087504,360502,362813,0.9936303274689716
ethereum,327,1,327,1277121,72881396,0.017523278505806886,360503,362813,0.9936330837097899
ethereum,328,5,1640,1278761,72881396,0.017545780819017243,360508,362813,0.9936468649138812
ethereum,329,3,987,1279748,72881396,0.017559323369711523,360511,362813,0.9936551336363361
ethereum,330,4,1320,1281068,72881396,0.017577434987661324,360515,362813,0.9936661585996092
ethereum,331,9,2979,1284047,72881396,0.017618309616352575,360524,362813,0.9936909647669736
ethereum,332,2,664,1284711,72881396,0.01762742030901823,360526,362813,0.9936964772486102
ethereum,333,4,1332,1286043,72881396,0.0176456965780403,360530,362813,0.9937075022118833
ethereum,334,5,1670,1287713,72881396,0.017668610518931333,360535,362813,0.9937212834159747
ethereum,335,3,1005,1288718,72881396,0.01768240004623402,360538,362813,0.9937295521384294
ethereum,336,8,2688,1291406,72881396,0.017719281886422703,360546,362813,0.9937516020649756
ethereum,337,6,2022,1293428,72881396,0.017747025592100348,360552,362813,0.9937681395098853
ethereum,338,1,338,1293766,72881396,0.017751663263969313,360553,362813,0.9937708957507035
ethereum,339,4,1356,1295122,72881396,0.017770268835135924,360557,362813,0.9937819207139766
ethereum,340,6,2040,1297162,72881396,0.017798259517421977,360563,362813,0.9937984581588862
ethereum,341,5,1705,1298867,72881396,0.017821653690607134,360568,362813,0.9938122393629776
ethereum,343,5,1715,1300582,72881396,0.017845185073019184,360573,362813,0.993826020567069
ethereum,344,6,2064,1302646,72881396,0.01787350505744978,360579,362813,0.9938425580119786
ethereum,346,7,2422,1305068,72881396,0.017906737132203122,360586,362813,0.9938618516977066
ethereum,347,3,1041,1306109,72881396,0.017921020612722622,360589,362813,0.9938701204201613
ethereum,348,3,1044,1307153,72881396,0.01793534525601019,360592,362813,0.9938783891426162
ethereum,349,7,2443,1309596,72881396,0.017968865470140007,360599,362813,0.9938976828283441
ethereum,350,4,1400,1310996,72881396,0.017988074761904945,360603,362813,0.9939087077916172
ethereum,351,10,3510,1314506,72881396,0.018036235200544183,360613,362813,0.9939362701997999
ethereum,352,5,1760,1316266,72881396,0.01806038402447725,360618,362813,0.9939500514038913
ethereum,353,6,2118,1318384,72881396,0.018089444938733063,360624,362813,0.9939665888488008
ethereum,354,2,708,1319092,72881396,0.018099159351997046,360626,362813,0.9939721013304375
ethereum,355,6,2130,1321222,72881396,0.01812838491732513,360632,362813,0.993988638775347
ethereum,356,1,356,1321578,72881396,0.0181332695658025,360633,362813,0.9939913950161654
ethereum,357,5,1785,1323363,72881396,0.018157761412802797,360638,362813,0.9940051762202567
ethereum,358,6,2148,1325511,72881396,0.018187233954739285,360644,362813,0.9940217136651663
ethereum,359,3,1077,1326588,72881396,0.0182020113884756,360647,362813,0.9940299823876212
ethereum,360,4,1440,1328028,72881396,0.018221769517148108,360651,362813,0.9940410073508943
ethereum,361,1,361,1328389,72881396,0.018226722770238922,360652,362813,0.9940437635917125
ethereum,362,3,1086,1329475,72881396,0.01824162369227944,360655,362813,0.9940520323141674
ethereum,363,4,1452,1330927,72881396,0.01826154647202422,360659,362813,0.9940630572774405
ethereum,364,3,1092,1332019,72881396,0.01827652971960087,360662,362813,0.9940713259998952
ethereum,365,3,1095,1333114,72881396,0.01829155412994559,360665,362813,0.9940795947223501
ethereum,366,2,732,1333846,72881396,0.018301597845354116,360667,362813,0.9940851072039866
ethereum,367,4,1468,1335314,72881396,0.018321740159861922,360671,362813,0.9940961321672597
ethereum,368,1,368,1335682,72881396,0.018326789459411564,360672,362813,0.994098888408078
ethereum,369,2,738,1336420,72881396,0.018336915500356224,360674,362813,0.9941044008897145
ethereum,370,5,1850,1338270,72881396,0.01836229920733132,360679,362813,0.9941181820938059
ethereum,371,2,742,1339012,72881396,0.018372480131966736,360681,362813,0.9941236945754425
ethereum,372,1,372,1339384,72881396,0.018377584315207134,360682,362813,0.9941264508162607
ethereum,373,2,746,1340130,72881396,0.018387820123533308,360684,362813,0.9941319632978972
ethereum,374,2,748,1340878,72881396,0.01839808337370486,360686,362813,0.9941374757795338
ethereum,375,3,1125,1342003,72881396,0.018413519411730257,360689,362813,0.9941457445019887
ethereum,376,6,2256,1344259,72881396,0.018444473813317187,360695,362813,0.9941622819468983
ethereum,377,6,2262,1346521,72881396,0.018475510540440252,360701,362813,0.9941788193918079
ethereum,378,2,756,1347277,72881396,0.01848588355799332,360703,362813,0.9941843318734445
ethereum,379,2,758,1348035,72881396,0.018496284017391763,360705,362813,0.994189844355081
ethereum,380,7,2660,1350695,72881396,0.018532781671745147,360712,362813,0.9942091380408089
ethereum,381,3,1143,1351838,72881396,0.01854846468637895,360715,362813,0.9942174067632638
ethereum,382,6,2292,1354130,72881396,0.01857991304118269,360721,362813,0.9942339442081733
ethereum,383,3,1149,1355279,72881396,0.01859567838135263,360724,362813,0.9942422129306282
ethereum,384,7,2688,1357967,72881396,0.018632560221541312,360731,362813,0.994261506616356
ethereum,385,2,770,1358737,72881396,0.018643125332012025,360733,362813,0.9942670190979926
ethereum,386,3,1158,1359895,72881396,0.018659014160486168,360736,362813,0.9942752878204475
ethereum,387,3,1161,1361056,72881396,0.01867494415172838,360739,362813,0.9942835565429022
ethereum,388,4,1552,1362608,72881396,0.01869623902374208,360743,362813,0.9942945815061753
ethereum,389,2,778,1363386,72881396,0.01870691390159431,360745,362813,0.9943000939878119
ethereum,390,3,1170,1364556,72881396,0.018722967381140723,360748,362813,0.9943083627102667
ethereum,391,2,782,1365338,72881396,0.01873369714268371,360750,362813,0.9943138751919033
ethereum,392,5,1960,1367298,72881396,0.018760590151154624,360755,362813,0.9943276563959946
ethereum,393,2,786,1368084,72881396,0.01877137479638837,360757,362813,0.9943331688776311
ethereum,394,1,394,1368478,72881396,0.01877678083992793,360758,362813,0.9943359251184495
ethereum,395,5,1975,1370453,72881396,0.018803879662239183,360763,362813,0.9943497063225408
ethereum,396,3,1188,1371641,72881396,0.018820180118394,360766,362813,0.9943579750449957
ethereum,397,2,794,1372435,72881396,0.018831074531009257,360768,362813,0.9943634875266322
ethereum,398,3,1194,1373629,72881396,0.01884745731270021,360771,362813,0.994371756249087
ethereum,399,5,1995,1375624,72881396,0.018874830553465248,360776,362813,0.9943855374531784
ethereum,400,13,5200,1380824,72881396,0.018946179351449304,360789,362813,0.9944213685838159
ethereum,401,3,1203,1382027,72881396,0.018962685621444462,360792,362813,0.9944296373062708
ethereum,402,2,804,1382831,72881396,0.018973717243286614,360794,362813,0.9944351497879073
ethereum,403,1,403,1383234,72881396,0.018979246775130378,360795,362813,0.9944379060287255
ethereum,404,3,1212,1384446,72881396,0.01899587653342974,360798,362813,0.9944461747511804
ethereum,406,3,1218,1385664,72881396,0.019012588617265236,360801,362813,0.9944544434736352
ethereum,407,5,2035,1387699,72881396,0.01904051069493784,360806,362813,0.9944682246777266
ethereum,408,5,2040,1389739,72881396,0.019068501377223893,360811,362813,0.9944820058818179
ethereum,409,4,1636,1391375,72881396,0.019090948806743495,360815,362813,0.994493030845091
ethereum,410,5,2050,1393425,72881396,0.019119076698256438,360820,362813,0.9945068120491823
ethereum,411,3,1233,1394658,72881396,0.019135994595932272,360823,362813,0.9945150807716372
ethereum,412,3,1236,1395894,72881396,0.019152953656376176,360826,362813,0.994523349494092
ethereum,413,3,1239,1397133,72881396,0.019169953879588145,360829,362813,0.9945316182165468
ethereum,414,5,2070,1399203,72881396,0.019198356189554875,360834,362813,0.9945453994206381
ethereum,415,5,2075,1401278,72881396,0.019226827104135053,360839,362813,0.9945591806247296
ethereum,416,3,1248,1402526,72881396,0.019243950815651226,360842,362813,0.9945674493471843
ethereum,417,3,1251,1403777,72881396,0.01926111568993547,360845,362813,0.9945757180696392
ethereum,418,1,418,1404195,72881396,0.01926685103561957,360846,362813,0.9945784743104574
ethereum,419,2,838,1405033,72881396,0.019278349168833156,360848,362813,0.994583986792094
ethereum,420,8,3360,1408393,72881396,0.019324451469069005,360856,362813,0.9946060367186402
ethereum,421,3,1263,1409656,72881396,0.019341780994425517,360859,362813,0.994614305441095
ethereum,423,1,423,1410079,72881396,0.019347584944723068,360860,362813,0.9946170616819132
ethereum,424,6,2544,1412623,72881396,0.0193824909720445,360866,362813,0.9946335991268229
ethereum,425,3,1275,1413898,72881396,0.01939998514847328,360869,362813,0.9946418678492778
ethereum,426,2,852,1414750,72881396,0.019411675374604514,360871,362813,0.9946473803309143
ethereum,427,4,1708,1416458,72881396,0.01943511071055774,360875,362813,0.9946584052941874
ethereum,428,2,856,1417314,72881396,0.019446855820379732,360877,362813,0.9946639177758239
ethereum,429,3,1287,1418601,72881396,0.019464514647880786,360880,362813,0.9946721864982787
ethereum,430,1,430,1419031,72881396,0.019470414644637158,360881,362813,0.994674942739097
ethereum,431,2,862,1419893,72881396,0.019482242079995285,360883,362813,0.9946804552207336
ethereum,432,2,864,1420757,72881396,0.019494096957198788,360885,362813,0.99468596770237
ethereum,433,1,433,1421190,72881396,0.01950003811672323,360886,362813,0.9946887239431884
ethereum,434,1,434,1421624,72881396,0.01950599299717036,360887,362813,0.9946914801840067
ethereum,435,3,1305,1422929,72881396,0.01952389880127982,360890,362813,0.9946997489064614
ethereum,436,3,1308,1424237,72881396,0.01954184576815735,360893,362813,0.9947080176289163
ethereum,437,3,1311,1425548,72881396,0.019559833897802945,360896,362813,0.9947162863513711
ethereum,438,2,876,1426424,72881396,0.01957185342607872,360898,362813,0.9947217988330076
ethereum,440,2,880,1427304,72881396,0.019583927838045252,360900,362813,0.9947273113146442
ethereum,441,2,882,1428186,72881396,0.019596029691857166,360902,362813,0.9947328237962807
ethereum,442,3,1326,1429512,72881396,0.019614223635343098,360905,362813,0.9947410925187355
ethereum,443,4,1772,1431284,72881396,0.019638537110348436,360909,362813,0.9947521174820086
ethereum,444,3,1332,1432616,72881396,0.019656813379370506,360912,362813,0.9947603862044635
ethereum,445,5,2225,1434841,72881396,0.019687342432354066,360917,362813,0.9947741674085548
ethereum,446,1,446,1435287,72881396,0.01969346196387347,360918,362813,0.9947769236493731
ethereum,447,1,447,1435734,72881396,0.01969959521631556,360919,362813,0.9947796798901913
ethereum,448,4,1792,1437526,72881396,0.01972418310977468,360923,362813,0.9947907048534644
ethereum,449,2,898,1438424,72881396,0.01973650449834962,360925,362813,0.994796217335101
ethereum,450,6,2700,1441124,72881396,0.01977355098961057,360931,362813,0.9948127547800106
ethereum,451,3,1353,1442477,72881396,0.019792115398009118,360934,362813,0.9948210235024655
ethereum,452,1,452,1442929,72881396,0.019798317255064653,360935,362813,0.9948237797432837
ethereum,453,5,2265,1445194,72881396,0.019829395144955787,360940,362813,0.9948375609473751
ethereum,454,3,1362,1446556,72881396,0.019848083041658533,360943,362813,0.9948458296698299
ethereum,455,3,1365,1447921,72881396,0.019866812101129346,360946,362813,0.9948540983922848
ethereum,457,1,457,1448378,72881396,0.01987308256279833,360947,362813,0.994856854633103
ethereum,458,3,1374,1449752,72881396,0.01989193511057335,360950,362813,0.9948651233555578
ethereum,459,2,918,1450670,72881396,0.01990453091760207,360952,362813,0.9948706358371944
ethereum,460,5,2300,1452970,72881396,0.019936089039787327,360957,362813,0.9948844170412857
ethereum,461,4,1844,1454814,72881396,0.01996139042122629,360961,362813,0.9948954420045588
ethereum,462,2,924,1455738,72881396,0.01997406855379115,360963,362813,0.9949009544861954
ethereum,463,1,463,1456201,72881396,0.019980421340996268,360964,362813,0.9949037107270137
ethereum,464,4,1856,1458057,72881396,0.0200058873735075,360968,362813,0.9949147356902868
ethereum,465,2,930,1458987,72881396,0.020018647831608494,360970,362813,0.9949202481719233
ethereum,467,4,1868,1460855,72881396,0.020044278515192,360974,362813,0.9949312731351964
ethereum,468,1,468,1461323,72881396,0.020050699907010562,360975,362813,0.9949340293760146
ethereum,469,2,938,1462261,72881396,0.02006357013249307,360977,362813,0.9949395418576512
ethereum,470,5,2350,1464611,72881396,0.020095814300812788,360982,362813,0.9949533230617426
ethereum,471,1,471,1465082,72881396,0.02010227685539942,360983,362813,0.9949560793025608
ethereum,472,2,944,1466026,72881396,0.020115229406418064,360985,362813,0.9949615917841974
ethereum,473,2,946,1466972,72881396,0.020128209399282088,360987,362813,0.9949671042658339
ethereum,474,1,474,1467446,72881396,0.02013471311663679,360988,362813,0.9949698605066521
ethereum,475,3,1425,1468871,72881396,0.02015426543146896,360991,362813,0.994978129229107
ethereum,476,3,1428,1470299,72881396,0.020173858909069194,360994,362813,0.9949863979515619
ethereum,477,4,1908,1472207,72881396,0.02020003842956027,360998,362813,0.994997422914835
ethereum,478,1,478,1472685,72881396,0.020206597030605726,360999,362813,0.9950001791556532
ethereum,479,4,1916,1474601,72881396,0.02023288631847831,361003,362813,0.9950112041189263
ethereum,480,4,1920,1476521,72881396,0.020259230490041656,361007,362813,0.9950222290821994
ethereum,481,2,962,1477483,72881396,0.020272430017668708,361009,362813,0.9950277415638359
ethereum,482,3,1446,1478929,72881396,0.02029227047187735,361012,362813,0.9950360102862907
ethereum,483,3,1449,1480378,72881396,0.02031215208885406,361015,362813,0.9950442790087456
ethereum,484,2,968,1481346,72881396,0.020325433942017246,361017,362813,0.9950497914903821
ethereum,486,3,1458,1482804,72881396,0.020345439047298162,361020,362813,0.9950580602128369
ethereum,487,4,1948,1484752,72881396,0.020372167404696804,361024,362813,0.99506908517611
ethereum,488,3,1464,1486216,72881396,0.020392254835513855,361027,362813,0.9950773538985648
ethereum,489,4,1956,1488172,72881396,0.02041909296029401,361031,362813,0.9950883788618379
ethereum,490,1,490,1488662,72881396,0.020425816212411737,361032,362813,0.9950911351026562
ethereum,492,1,492,1489154,72881396,0.020432566906374846,361033,362813,0.9950938913434745
ethereum,493,1,493,1489647,72881396,0.02043933132126064,361034,362813,0.9950966475842927
ethereum,494,1,494,1490141,72881396,0.020446109457069126,361035,362813,0.995099403825111
ethereum,495,2,990,1491131,72881396,0.020459693170531475,361037,362813,0.9951049163067476
ethereum,496,1,496,1491627,72881396,0.02046649874818534,361038,362813,0.9951076725475658
ethereum,497,2,994,1492621,72881396,0.020480137345338444,361040,362813,0.9951131850292023
ethereum,498,1,498,1493119,72881396,0.020486970364837688,361041,362813,0.9951159412700207
ethereum,499,2,998,1494117,72881396,0.02050066384568155,361043,362813,0.9951214537516572
ethereum,500,18,9000,1503117,72881396,0.020624152149884726,361061,362813,0.9951710660863861
ethereum,502,1,502,1503619,72881396,0.020631040053074725,361062,362813,0.9951738223272044
ethereum,503,2,1006,1504625,72881396,0.020644843301300102,361064,362813,0.9951793348088409
ethereum,504,1,504,1505129,72881396,0.020651758646335477,361065,362813,0.9951820910496592
ethereum,505,4,2020,1507149,72881396,0.020679474910167746,361069,362813,0.9951931160129323
ethereum,506,3,1518,1508667,72881396,0.020700303270810017,361072,362813,0.9952013847353871
ethereum,507,1,507,1509174,72881396,0.02070725977861346,361073,362813,0.9952041409762054
ethereum,508,3,1524,1510698,72881396,0.020728170464791865,361076,362813,0.9952124096986602
ethereum,509,3,1527,1512225,72881396,0.020749122313738336,361079,362813,0.9952206784211151
ethereum,510,2,1020,1513245,72881396,0.020763117654881362,361081,362813,0.9952261909027516
ethereum,511,2,1022,1514267,72881396,0.020777140437869768,361083,362813,0.9952317033843882
ethereum,514,2,1028,1515295,72881396,0.020791245546394308,361085,362813,0.9952372158660246
ethereum,515,1,515,1515810,72881396,0.02079831182157927,361086,362813,0.9952399721068429
ethereum,516,6,3096,1518906,72881396,0.02084079179822516,361092,362813,0.9952565095517526
ethereum,517,4,2068,1520974,72881396,0.02086916666634651,361096,362813,0.9952675345150257
ethereum,518,1,518,1521492,72881396,0.020876274104299538,361097,362813,0.995270290755844
ethereum,519,3,1557,1523049,72881396,0.02089763758092669,361100,362813,0.9952785594782987
ethereum,520,1,520,1523569,72881396,0.020904772460725092,361101,362813,0.995281315719117
ethereum,521,1,521,1524090,72881396,0.02091192106144619,361102,362813,0.9952840719599353
ethereum,522,3,1566,1525656,72881396,0.02093340802637754,361105,362813,0.9952923406823901
ethereum,523,2,1046,1526702,72881396,0.020947760111510488,361107,362813,0.9952978531640266
ethereum,525,2,1050,1527752,72881396,0.02096216708033419,361109,362813,0.9953033656456632
ethereum,526,1,526,1528278,72881396,0.020969384285668732,361110,362813,0.9953061218864815
ethereum,527,5,2635,1530913,72881396,0.021005538916954884,361115,362813,0.9953199030905728
ethereum,528,1,528,1531441,72881396,0.021012783564134805,361116,362813,0.9953226593313911
ethereum,529,1,529,1531970,72881396,0.021020041932237412,361117,362813,0.9953254155722093
ethereum,530,3,1590,1533560,72881396,0.021041858199313306,361120,362813,0.9953336842946642
ethereum,531,5,2655,1536215,72881396,0.02107828724905324,361125,362813,0.9953474654987555
ethereum,533,2,1066,1537281,72881396,0.021092913752639973,361127,362813,0.9953529779803921
ethereum,534,5,2670,1539951,72881396,0.02112954861622025,361132,362813,0.9953667591844835
ethereum,535,1,535,1540486,72881396,0.021136889309858995,361133,362813,0.9953695154253017
ethereum,536,1,536,1541022,72881396,0.021144243724420426,361134,362813,0.99537227166612
ethereum,537,1,537,1541559,72881396,0.02115161185990455,361135,362813,0.9953750279069383
ethereum,538,3,1614,1543173,72881396,0.021173757429124987,361138,362813,0.9953832966293931
ethereum,539,1,539,1543712,72881396,0.021181153006454487,361139,362813,0.9953860528702114
ethereum,540,4,2160,1545872,72881396,0.021210790199463248,361143,362813,0.9953970778334845
ethereum,541,5,2705,1548577,72881396,0.021247905295337648,361148,362813,0.9954108590375759
ethereum,542,3,1626,1550203,72881396,0.021270215515630353,361151,362813,0.9954191277600306
ethereum,543,4,2172,1552375,72881396,0.021300017359711387,361155,362813,0.9954301527233037
ethereum,544,2,1088,1553463,72881396,0.02131494572359728,361157,362813,0.9954356652049403
ethereum,545,3,1635,1555098,72881396,0.02133737943219419,361160,362813,0.995443933927395
ethereum,548,1,548,1555646,72881396,0.021344898497827895,361161,362813,0.9954466901682134
ethereum,549,5,2745,1558391,72881396,0.021382562430609865,361166,362813,0.9954604713723048
ethereum,550,5,2750,1561141,72881396,0.02142029496800528,361171,362813,0.9954742525763961
ethereum,551,1,551,1561692,72881396,0.02142785519640705,361172,362813,0.9954770088172143
ethereum,552,3,1656,1563348,72881396,0.021450577044380435,361175,362813,0.9954852775396692
ethereum,553,3,1659,1565007,72881396,0.021473340055121887,361178,362813,0.995493546262124
ethereum,554,1,554,1565561,72881396,0.021480941446291726,361179,362813,0.9954963025029423
ethereum,555,1,555,1566116,72881396,0.021488556558384254,361180,362813,0.9954990587437605
ethereum,556,2,1112,1567228,72881396,0.02150381422441469,361182,362813,0.9955045712253972
ethereum,557,2,1114,1568342,72881396,0.021519099332290507,361184,362813,0.9955100837070336
ethereum,559,2,1118,1569460,72881396,0.02153443932385708,361186,362813,0.9955155961886702
ethereum,560,2,1120,1570580,72881396,0.02154980675726903,361188,362813,0.9955211086703067
ethereum,561,2,1122,1571702,72881396,0.021565201632526357,361190,362813,0.9955266211519432
ethereum,562,2,1124,1572826,72881396,0.021580623949629067,361192,362813,0.9955321336335798
ethereum,563,2,1126,1573952,72881396,0.021596073708577152,361194,362813,0.9955376461152163
ethereum,564,2,1128,1575080,72881396,0.021611550909370617,361196,362813,0.9955431585968529
ethereum,565,2,1130,1576210,72881396,0.021627055552009458,361198,362813,0.9955486710784894
ethereum,567,2,1134,1577344,72881396,0.021642615078339058,361200,362813,0.995554183560126
ethereum,568,3,1704,1579048,72881396,0.02166599553060153,361203,362813,0.9955624522825808
ethereum,570,2,1140,1580188,72881396,0.021681637382467263,361205,362813,0.9955679647642174
ethereum,571,1,571,1580759,72881396,0.02168947202932282,361206,362813,0.9955707210050356
ethereum,572,1,572,1581331,72881396,0.021697320397101066,361207,362813,0.9955734772458539
ethereum,573,1,573,1581904,72881396,0.021705182485802,361208,362813,0.9955762334866722
ethereum,575,1,575,1582479,72881396,0.021713072016348315,361209,362813,0.9955789897274905
ethereum,576,2,1152,1583631,72881396,0.021728878519286322,361211,362813,0.995584502209127
ethereum,577,2,1154,1584785,72881396,0.021744712464069706,361213,362813,0.9955900146907636
ethereum,578,2,1156,1585941,72881396,0.02176057385069847,361215,362813,0.9955955271724001
ethereum,579,2,1158,1587099,72881396,0.02177646267917261,361217,362813,0.9956010396540367
ethereum,580,2,1160,1588259,72881396,0.021792378949492132,361219,362813,0.9956065521356732
ethereum,581,1,581,1588840,72881396,0.02180035080557458,361220,362813,0.9956093083764914
ethereum,582,2,1164,1590004,72881396,0.02181632195958486,361222,362813,0.995614820858128
ethereum,583,5,2915,1592919,72881396,0.021856318449223998,361227,362813,0.9956286020622194
ethereum,584,1,584,1593503,72881396,0.021864331468074514,361228,362813,0.9956313583030376
ethereum,586,1,586,1594089,72881396,0.02187237192877041,361229,362813,0.995634114543856
ethereum,587,1,587,1594676,72881396,0.021880426110388995,361230,362813,0.9956368707846742
ethereum,588,1,588,1595264,72881396,0.02188849401293027,361231,362813,0.9956396270254925
ethereum,590,1,590,1595854,72881396,0.02189658935731692,361232,362813,0.9956423832663107
ethereum,591,3,1773,1597627,72881396,0.021920916553244945,361235,362813,0.9956506519887656
ethereum,592,3,1776,1599403,72881396,0.02194528491194104,361238,362813,0.9956589207112204
ethereum,593,1,593,1599996,72881396,0.02195342141909576,361239,362813,0.9956616769520387
ethereum,595,3,1785,1601781,72881396,0.021977913266096057,361242,362813,0.9956699456744935
ethereum,598,1,598,1602379,72881396,0.02198611837786422,361243,362813,0.9956727019153118
ethereum,599,1,599,1602978,72881396,0.021994337210555076,361244,362813,0.99567545815613
ethereum,600,5,3000,1605978,72881396,0.0220354999786228,361249,362813,0.9956892393602214
ethereum,601,1,601,1606579,72881396,0.02204374625315904,361250,362813,0.9956919956010396
ethereum,602,1,602,1607181,72881396,0.02205200624861796,361251,362813,0.995694751841858
ethereum,603,1,603,1607784,72881396,0.022060279964999572,361252,362813,0.9956975080826762
ethereum,604,2,1208,1608992,72881396,0.022076854839608178,361254,362813,0.9957030205643127
ethereum,605,2,1210,1610202,72881396,0.02209345715606216,361256,362813,0.9957085330459493
ethereum,606,1,606,1610808,72881396,0.02210177203521184,361257,362813,0.9957112892867676
ethereum,607,1,607,1611415,72881396,0.022110100635284208,361258,362813,0.9957140455275858
ethereum,609,2,1218,1612633,72881396,0.022126812719119704,361260,362813,0.9957195580092224
ethereum,610,1,610,1613243,72881396,0.02213518248196014,361261,362813,0.9957223142500407
ethereum,611,2,1222,1614465,72881396,0.022151949449486397,361263,362813,0.9957278267316771
ethereum,612,2,1224,1615689,72881396,0.022168743858858028,361265,362813,0.9957333392133138
ethereum,614,3,1842,1617531,72881396,0.02219401779845161,361268,362813,0.9957416079357686
ethereum,616,1,616,1618147,72881396,0.022202469886828183,361269,362813,0.9957443641765868
ethereum,618,1,618,1618765,72881396,0.022210949417050135,361270,362813,0.9957471204174051
ethereum,619,2,1238,1620003,72881396,0.022227935919339414,361272,362813,0.9957526328990417
ethereum,620,2,1240,1621243,72881396,0.022244949863474073,361274,362813,0.9957581453806782
ethereum,621,1,621,1621864,72881396,0.022253470556464094,361275,362813,0.9957609016214964
ethereum,622,2,1244,1623108,72881396,0.022270539384289512,361277,362813,0.995766414103133
ethereum,624,3,1872,1624980,72881396,0.022296224951563772,361280,362813,0.9957746828255878
ethereum,626,1,626,1625606,72881396,0.022304814249167235,361281,362813,0.9957774390664061
ethereum,629,1,629,1626235,72881396,0.02231344470953877,361282,362813,0.9957801953072244
ethereum,630,2,1260,1627495,72881396,0.022330733072127212,361284,362813,0.9957857077888609
ethereum,631,1,631,1628126,72881396,0.022339390974344123,361285,362813,0.9957884640296792
ethereum,632,2,1264,1629390,72881396,0.022356734220623325,361287,362813,0.9957939765113157
ethereum,633,1,633,1630023,72881396,0.022365419564685615,361288,362813,0.995796732752134
ethereum,634,1,634,1630657,72881396,0.022374118629670595,361289,362813,0.9957994889929523
ethereum,636,1,636,1631293,72881396,0.02238284513650095,361290,362813,0.9958022452337706
ethereum,638,1,638,1631931,72881396,0.02239159908517669,361291,362813,0.9958050014745888
ethereum,639,3,1917,1633848,72881396,0.022417902093971966,361294,362813,0.9958132701970437
ethereum,640,1,640,1634488,72881396,0.02242668348449308,361295,362813,0.9958160264378619
ethereum,641,1,641,1635129,72881396,0.022435478595936885,361296,362813,0.9958187826786802
ethereum,642,3,1926,1637055,72881396,0.022461905093036364,361299,362813,0.995827051401135
ethereum,643,2,1286,1638341,72881396,0.02247955019961473,361301,362813,0.9958325638827715
ethereum,644,2,1288,1639629,72881396,0.022497222748038472,361303,362813,0.9958380763644081
ethereum,645,1,645,1640274,72881396,0.022506072743173032,361304,362813,0.9958408326052264
ethereum,647,1,647,1640921,72881396,0.02251495018015297,361305,362813,0.9958435888460446
ethereum,648,1,648,1641569,72881396,0.0225238413380556,361306,362813,0.995846345086863
ethereum,649,1,649,1642218,72881396,0.022532746216880915,361307,362813,0.9958491013276812
ethereum,650,6,3900,1646118,72881396,0.02258625781536896,361313,362813,0.9958656387725908
ethereum,652,4,2608,1648726,72881396,0.022622041981742502,361317,362813,0.9958766637358639
ethereum,654,4,2616,1651342,72881396,0.022657935915497557,361321,362813,0.995887688699137
ethereum,656,1,656,1651998,72881396,0.0226669368407817,361322,362813,0.9958904449399553
ethereum,658,3,1974,1653972,72881396,0.022694021942170264,361325,362813,0.9958987136624101
ethereum,659,1,659,1654631,72881396,0.022703064030222472,361326,362813,0.9959014699032284
ethereum,660,2,1320,1655951,72881396,0.022721175648172273,361328,362813,0.995906982384865
ethereum,661,1,661,1656612,72881396,0.02273024517806986,361329,362813,0.9959097386256832
ethereum,663,1,663,1657275,72881396,0.022739342149812828,361330,362813,0.9959124948665015
ethereum,664,2,1328,1658603,72881396,0.02275756353514414,361332,362813,0.9959180073481381
ethereum,666,1,666,1659269,72881396,0.022766701669655175,361333,362813,0.9959207635889563
ethereum,667,2,1334,1660603,72881396,0.022785005380522624,361335,362813,0.9959262760705928
ethereum,668,1,668,1661271,72881396,0.022794170956879037,361336,362813,0.9959290323114112
ethereum,669,4,2676,1663947,72881396,0.022830888145995445,361340,362813,0.9959400572746842
ethereum,670,3,2010,1665957,72881396,0.02285846720060082,361343,362813,0.995948325997139
ethereum,671,1,671,1666628,72881396,0.022867673939725303,361344,362813,0.9959510822379573
ethereum,672,3,2016,1668644,72881396,0.022895335319866816,361347,362813,0.9959593509604121
ethereum,673,2,1346,1669990,72881396,0.022913803681806535,361349,362813,0.9959648634420487
ethereum,674,1,674,1670664,72881396,0.022923051583699082,361350,362813,0.995967619682867
ethereum,677,2,1354,1672018,72881396,0.022941629713020315,361352,362813,0.9959731321645034
ethereum,678,1,678,1672696,72881396,0.02295093249860362,361353,362813,0.9959758884053217
ethereum,679,1,679,1673375,72881396,0.022960249005109616,361354,362813,0.99597864464614
ethereum,681,1,681,1674056,72881396,0.02296959295346099,361355,362813,0.9959814008869583
ethereum,684,1,684,1674740,72881396,0.022978978064580432,361356,362813,0.9959841571277765
ethereum,686,2,1372,1676112,72881396,0.022997803170510072,361358,362813,0.9959896696094132
ethereum,688,1,688,1676800,72881396,0.023007243165320268,361359,362813,0.9959924258502314
ethereum,689,1,689,1677489,72881396,0.023016696881053157,361360,362813,0.9959951820910496
ethereum,690,1,690,1678179,72881396,0.023026164317708733,361361,362813,0.9959979383318679
ethereum,691,2,1382,1679561,72881396,0.023045126632865266,361363,362813,0.9960034508135045
ethereum,692,3,2076,1681637,72881396,0.02307361126836813,361366,362813,0.9960117195359594
ethereum,693,1,693,1682330,72881396,0.023083119867791775,361367,362813,0.9960144757767776
ethereum,695,2,1390,1683720,72881396,0.02310219195032982,361369,362813,0.9960199882584141
ethereum,696,1,696,1684416,72881396,0.023111741712521533,361370,362813,0.9960227444992323
ethereum,697,2,1394,1685810,72881396,0.023130868678750336,361372,362813,0.9960282569808689
ethereum,698,3,2094,1687904,72881396,0.023159600290861608,361375,362813,0.9960365257033238
ethereum,699,2,1398,1689302,72881396,0.023178782140781166,361377,362813,0.9960420381849603
ethereum,700,7,4900,1694202,72881396,0.023246014661958452,361384,362813,0.9960613318706882
ethereum,701,3,2103,1696305,72881396,0.023274869762373925,361387,362813,0.996069600593143
ethereum,702,1,702,1697007,72881396,0.023284501850101773,361388,362813,0.9960723568339613
ethereum,706,2,1412,1698419,72881396,0.023303875792938984,361390,362813,0.9960778693155978
ethereum,708,1,708,1699127,72881396,0.023313590206202967,361391,362813,0.9960806255564161
ethereum,709,3,2127,1701254,72881396,0.02334277460876298,361394,362813,0.9960888942788709
ethereum,710,2,1420,1702674,72881396,0.023362258318981706,361396,362813,0.9960944067605075
ethereum,711,1,711,1703385,72881396,0.023372013895013755,361397,362813,0.9960971630013258
ethereum,713,1,713,1704098,72881396,0.023381796912891186,361398,362813,0.996099919242144
ethereum,714,4,2856,1706954,72881396,0.02342098386809166,361402,362813,0.9961109442054171
ethereum,715,1,715,1707669,72881396,0.023430794327814468,361403,362813,0.9961137004462354
ethereum,716,2,1432,1709101,72881396,0.023450442689105462,361405,362813,0.996119212927872
ethereum,719,2,1438,1710539,72881396,0.02347017337593259,361407,362813,0.9961247254095085
ethereum,720,4,2880,1713419,72881396,0.023509689633277608,361411,362813,0.9961357503727816
ethereum,721,1,721,1714140,72881396,0.02351958241853655,361412,362813,0.9961385066135998
ethereum,722,3,2166,1716306,72881396,0.023549301937081445,361415,362813,0.9961467753360547
ethereum,724,2,1448,1717754,72881396,0.023569169833135468,361417,362813,0.9961522878176912
ethereum,725,1,725,1718479,72881396,0.02357911750208517,361418,362813,0.9961550440585095
ethereum,726,1,726,1719205,72881396,0.02358907889195756,361419,362813,0.9961578002993278
ethereum,727,1,727,1719932,72881396,0.023599054002752636,361420,362813,0.996160556540146
ethereum,728,3,2184,1722116,72881396,0.02362902049790594,361423,362813,0.9961688252626009
ethereum,729,3,2187,1724303,72881396,0.02365902815582731,361426,362813,0.9961770939850557
ethereum,730,2,1460,1725763,72881396,0.023679060702953603,361428,362813,0.9961826064666922
ethereum,731,2,1462,1727225,72881396,0.023699120691925275,361430,362813,0.9961881189483287
ethereum,732,1,732,1727957,72881396,0.0237091644073338,361431,362813,0.9961908751891471
ethereum,735,3,2205,1730162,72881396,0.023739419041863576,361434,362813,0.9961991439116018
ethereum,736,1,736,1730898,72881396,0.02374951764096286,361435,362813,0.9962019001524202
ethereum,738,1,738,1731636,72881396,0.02375964368190752,361436,362813,0.9962046563932384
ethereum,739,1,739,1732375,72881396,0.02376978344377487,361437,362813,0.9962074126340567
ethereum,740,1,740,1733115,72881396,0.02377993692656491,361438,362813,0.9962101688748749
ethereum,741,1,741,1733856,72881396,0.023790104130277635,361439,362813,0.9962129251156933
ethereum,742,2,1484,1735340,72881396,0.02381046597954847,361441,362813,0.9962184375973298
ethereum,743,1,743,1736083,72881396,0.023820660625106578,361442,362813,0.996221193838148
ethereum,744,4,2976,1739059,72881396,0.02386149409102976,361446,362813,0.9962322188014211
ethereum,745,1,745,1739804,72881396,0.023871716178433245,361447,362813,0.9962349750422393
ethereum,746,1,746,1740550,72881396,0.02388195198675942,361448,362813,0.9962377312830577
ethereum,748,1,748,1741298,72881396,0.023892215236930973,361449,362813,0.996240487523876
ethereum,750,3,2250,1743548,72881396,0.023923087312981765,361452,362813,0.9962487562463308
ethereum,753,1,753,1744301,72881396,0.023933419167766763,361453,362813,0.996251512487149
ethereum,755,2,1510,1745811,72881396,0.02395413776102752,361455,362813,0.9962570249687855
ethereum,756,1,756,1746567,72881396,0.023964510778580587,361456,362813,0.9962597812096039
ethereum,757,3,2271,1748838,72881396,0.023995670994007852,361459,362813,0.9962680499320586
ethereum,758,2,1516,1750354,72881396,0.024016471912804743,361461,362813,0.9962735624136952
ethereum,759,2,1518,1751872,72881396,0.024037300273447013,361463,362813,0.9962790748953317
ethereum,760,2,1520,1753392,72881396,0.02405815607593466,361465,362813,0.9962845873769683
ethereum,761,1,761,1754153,72881396,0.02406859769810117,361466,362813,0.9962873436177866
ethereum,762,1,762,1754915,72881396,0.024079053041190374,361467,362813,0.9962900998586048
ethereum,763,2,1526,1756441,72881396,0.024099991169214158,361469,362813,0.9962956123402414
ethereum,764,1,764,1757205,72881396,0.024110473954148736,361470,362813,0.9962983685810597
ethereum,765,2,1530,1758735,72881396,0.02413146696586328,361472,362813,0.9963038810626962
ethereum,768,1,768,1759503,72881396,0.024142004634488616,361473,362813,0.9963066373035144
ethereum,769,2,1538,1761041,72881396,0.02416310741358467,361475,362813,0.996312149785151
ethereum,771,2,1542,1762583,72881396,0.02418426507637148,361477,362813,0.9963176622667875
ethereum,773,1,773,1763356,72881396,0.024194871349610264,361478,362813,0.9963204185076059
ethereum,774,1,774,1764130,72881396,0.024205491343771736,361479,362813,0.9963231747484241
ethereum,775,3,2325,1766455,72881396,0.024237392489024224,361482,362813,0.996331443470879
ethereum,777,2,1554,1768009,72881396,0.024258714802883302,361484,362813,0.9963369559525155
ethereum,778,1,778,1768787,72881396,0.024269389680735533,361485,362813,0.9963397121933337
ethereum,779,1,779,1769566,72881396,0.024280078279510453,361486,362813,0.996342468434152
ethereum,780,3,2340,1771906,72881396,0.02431218523860328,361489,362813,0.9963507371566068
ethereum,782,1,782,1772688,72881396,0.024322915000146265,361490,362813,0.9963534933974251
ethereum,783,2,1566,1774254,72881396,0.024344401965077617,361492,362813,0.9963590058790617
ethereum,784,2,1568,1775822,72881396,0.024365916371854347,361494,362813,0.9963645183606982
ethereum,789,3,2367,1778189,72881396,0.02439839379585978,361497,362813,0.996372787083153
ethereum,790,2,1580,1779769,72881396,0.024420072853708785,361499,362813,0.9963782995647896
ethereum,792,1,792,1780561,72881396,0.024430939824478665,361500,362813,0.9963810558056079
ethereum,793,1,793,1781354,72881396,0.024441820516171234,361501,362813,0.9963838120464261
ethereum,794,1,794,1782148,72881396,0.02445271492878649,361502,362813,0.9963865682872444
ethereum,795,2,1590,1783738,72881396,0.024474531195862386,361504,362813,0.996392080768881
ethereum,797,1,797,1784535,72881396,0.02448546677124571,361505,362813,0.9963948370096992
ethereum,798,2,1596,1786131,72881396,0.02450736536385774,361507,362813,0.9964003494913357
ethereum,799,1,799,1786930,72881396,0.024518328381086443,361508,362813,0.9964031057321541
ethereum,800,2,1600,1788530,72881396,0.02454028185738923,361510,362813,0.9964086182137906
ethereum,801,2,1602,1790132,72881396,0.024562262775537396,361512,362813,0.9964141306954272
ethereum,802,1,802,1790934,72881396,0.024573266955534166,361513,362813,0.9964168869362454
ethereum,803,1,803,1791737,72881396,0.024584284856453628,361514,362813,0.9964196431770637
ethereum,804,1,804,1792541,72881396,0.024595316478295777,361515,362813,0.9964223994178819
ethereum,807,1,807,1793348,72881396,0.024606389262905995,361516,362813,0.9964251556587002
ethereum,808,1,808,1794156,72881396,0.024617475768438903,361517,362813,0.9964279118995185
ethereum,810,1,810,1794966,72881396,0.02462858971581719,361518,362813,0.9964306681403368
ethereum,811,2,1622,1796588,72881396,0.02465084505241914,361520,362813,0.9964361806219733
ethereum,814,2,1628,1798216,72881396,0.024673182714557224,361522,362813,0.9964416931036099
ethereum,815,1,815,1799031,72881396,0.024684365266548956,361523,362813,0.9964444493444281
ethereum,816,1,816,1799847,72881396,0.024695561539463378,361524,362813,0.9964472055852464
ethereum,820,1,820,1800667,72881396,0.024706812696068555,361525,362813,0.9964499618260647
ethereum,821,2,1642,1802309,72881396,0.02472934245112429,361527,362813,0.9964554743077012
ethereum,822,2,1644,1803953,72881396,0.0247518996480254,361529,362813,0.9964609867893378
ethereum,823,2,1646,1805599,72881396,0.024774484286771894,361531,362813,0.9964664992709743
ethereum,824,3,2472,1808071,72881396,0.024808402407659698,361534,362813,0.9964747679934292
ethereum,826,4,3304,1811375,72881396,0.024853736336224955,361538,362813,0.9964857929567023
ethereum,831,1,831,1812206,72881396,0.024865138422979712,361539,362813,0.9964885491975205
ethereum,832,2,1664,1813870,72881396,0.024887970038334612,361541,362813,0.996494061679157
ethereum,835,1,835,1814705,72881396,0.024899427008780128,361542,362813,0.9964968179199754
ethereum,836,1,836,1815541,72881396,0.024910897700148333,361543,362813,0.9964995741607936
ethereum,837,1,837,1816378,72881396,0.024922382112439228,361544,362813,0.9965023304016118
ethereum,838,1,838,1817216,72881396,0.024933880245652813,361545,362813,0.9965050866424301
ethereum,839,2,1678,1818894,72881396,0.02495690395392536,361547,362813,0.9965105991240667
ethereum,840,2,1680,1820574,72881396,0.024979955104043286,361549,362813,0.9965161116057032
ethereum,841,1,841,1821415,72881396,0.02499149440002494,361550,362813,0.9965188678465214
ethereum,842,1,842,1822257,72881396,0.02500304741692928,361551,362813,0.9965216240873398
ethereum,843,3,2529,1824786,72881396,0.025037747630410372,361554,362813,0.9965298928097945
ethereum,847,2,1694,1826480,72881396,0.02506099087344595,361556,362813,0.9965354052914311
ethereum,848,1,848,1827328,72881396,0.025072626215886424,361557,362813,0.9965381615322494
ethereum,849,1,849,1828177,72881396,0.025084275279249592,361558,362813,0.9965409177730676
ethereum,851,2,1702,1829879,72881396,0.02510762828966668,361560,362813,0.9965464302547042
ethereum,852,1,852,1830731,72881396,0.025119318515797913,361561,362813,0.9965491864955225
ethereum,854,2,1708,1832439,72881396,0.02514275385175114,361563,362813,0.996554698977159
ethereum,856,2,1712,1834151,72881396,0.02516624407139512,361565,362813,0.9965602114587956
ethereum,857,1,857,1835008,72881396,0.0251780029021398,361566,362813,0.9965629676996138
ethereum,858,2,1716,1836724,72881396,0.025201548005474538,361568,362813,0.9965684801812504
ethereum,859,2,1718,1838442,72881396,0.025225120550654654,361570,362813,0.9965739926628869
ethereum,860,1,860,1839302,72881396,0.0252369205441674,361571,362813,0.9965767489037052
ethereum,862,3,2586,1841888,72881396,0.025272402850241783,361574,362813,0.99658501762616
ethereum,867,2,1734,1843622,72881396,0.025296194930184927,361576,362813,0.9965905301077965
ethereum,868,2,1736,1845358,72881396,0.02532001445197345,361578,362813,0.9965960425894331
ethereum,869,1,869,1846227,72881396,0.0253319379337904,361579,362813,0.9965987988302514
ethereum,870,1,870,1847097,72881396,0.025343875136530043,361580,362813,0.9966015550710696
ethereum,871,1,871,1847968,72881396,0.02535582606019237,361581,362813,0.996604311311888
ethereum,872,2,1744,1849712,72881396,0.025379755349362407,361583,362813,0.9966098237935245
ethereum,873,1,873,1850585,72881396,0.025391733714870114,361584,362813,0.9966125800343427
ethereum,876,2,1752,1852337,72881396,0.025415772771421666,361586,362813,0.9966180925159793
ethereum,877,2,1754,1854091,72881396,0.025439839269818597,361588,362813,0.9966236049976158
ethereum,879,1,879,1854970,72881396,0.025451899960862442,361589,362813,0.9966263612384342
ethereum,881,1,881,1855851,72881396,0.025463988093751663,361590,362813,0.9966291174792524
ethereum,884,2,1768,1857619,72881396,0.025488246685066242,361592,362813,0.9966346299608889
ethereum,889,1,889,1858508,72881396,0.025500444585336977,361593,362813,0.9966373862017072
ethereum,892,1,892,1859400,72881396,0.02551268364837578,361594,362813,0.9966401424425255
ethereum,893,4,3572,1862972,72881396,0.025561694784221753,361598,362813,0.9966511674057986
ethereum,894,2,1788,1864760,72881396,0.025586227793990116,361600,362813,0.9966566798874351
ethereum,895,1,895,1865655,72881396,0.025598508019796986,361601,362813,0.9966594361282534
ethereum,896,2,1792,1867447,72881396,0.025623095913256108,361603,362813,0.99666494860989
ethereum,900,3,2700,1870147,72881396,0.02566014240451706,361606,362813,0.9966732173323447
ethereum,903,2,1806,1871953,72881396,0.02568492239089383,361608,362813,0.9966787298139813
ethereum,904,1,904,1872857,72881396,0.025697326105004904,361609,362813,0.9966814860547996
ethereum,907,1,907,1873764,72881396,0.025709770981884046,361610,362813,0.9966842422956178
ethereum,908,1,908,1874672,72881396,0.02572222957968588,361611,362813,0.9966869985364362
ethereum,910,3,2730,1877402,72881396,0.025759687698627506,361614,362813,0.9966952672588909
ethereum,911,1,911,1878313,72881396,0.025772187459197408,361615,362813,0.9966980234997093
ethereum,913,2,1826,1880139,72881396,0.025797241864027962,361617,362813,0.9967035359813458
ethereum,915,1,915,1881054,72881396,0.02580979650828862,361618,362813,0.996706292222164
ethereum,917,1,917,1881971,72881396,0.02582237859439465,361619,362813,0.9967090484629824
ethereum,918,2,1836,1883807,72881396,0.0258475702084521,361621,362813,0.9967145609446189
ethereum,920,2,1840,1885647,72881396,0.025872816706200303,361623,362813,0.9967200734262553
ethereum,921,1,921,1886568,72881396,0.025885453675997094,361624,362813,0.9967228296670737
ethereum,923,2,1846,1888414,72881396,0.025910782499281436,361626,362813,0.9967283421487102
ethereum,927,2,1854,1890268,72881396,0.025936221089947288,361628,362813,0.9967338546303468
ethereum,928,1,928,1891196,72881396,0.025948954106202904,361629,362813,0.996736610871165
ethereum,929,1,929,1892125,72881396,0.02596170084338121,361630,362813,0.9967393671119833
ethereum,931,1,931,1893056,72881396,0.025974475022404894,361631,362813,0.9967421233528015
ethereum,932,1,932,1893988,72881396,0.02598726292235127,361632,362813,0.9967448795936199
ethereum,933,1,933,1894921,72881396,0.02600006454322033,361633,362813,0.9967476358344382
ethereum,934,1,934,1895855,72881396,0.02601287988501208,361634,362813,0.9967503920752564
ethereum,937,2,1874,1897729,72881396,0.02603859289413172,361636,362813,0.9967559045568929
ethereum,938,1,938,1898667,72881396,0.02605146311961423,361637,362813,0.9967586607977112
ethereum,940,1,940,1899607,72881396,0.026064360786942117,361638,362813,0.9967614170385295
ethereum,941,1,941,1900548,72881396,0.026077272175192692,361639,362813,0.9967641732793477
ethereum,942,1,942,1901490,72881396,0.026090197284365957,361640,362813,0.996766929520166
ethereum,943,1,943,1902433,72881396,0.02610313611446191,361641,362813,0.9967696857609843
ethereum,944,1,944,1903377,72881396,0.02611608866548056,361642,362813,0.9967724420018026
ethereum,945,1,945,1904322,72881396,0.02612905493742189,361643,362813,0.9967751982426208
ethereum,947,1,947,1905269,72881396,0.026142048651208602,361644,362813,0.9967779544834391
ethereum,948,3,2844,1908113,72881396,0.026181070955336803,361647,362813,0.9967862232058939
ethereum,949,2,1898,1910011,72881396,0.026207113266600985,361649,362813,0.9967917356875305
ethereum,950,4,3800,1913811,72881396,0.026259252772820103,361653,362813,0.9968027606508035
ethereum,951,1,951,1914762,72881396,0.026272301370297572,361654,362813,0.9968055168916219
ethereum,952,1,952,1915714,72881396,0.02628536368869773,361655,362813,0.9968082731324401
ethereum,953,1,953,1916667,72881396,0.026298439728020578,361656,362813,0.9968110293732584
ethereum,955,2,1910,1918577,72881396,0.02632464669035703,361658,362813,0.996816541854895
ethereum,958,1,958,1919535,72881396,0.02633779133429332,361659,362813,0.9968192980957132
ethereum,960,2,1920,1921455,72881396,0.026364135505856666,361661,362813,0.9968248105773497
ethereum,962,1,962,1922417,72881396,0.026377335033483718,361662,362813,0.9968275668181681
ethereum,963,1,963,1923380,72881396,0.026390548282033455,361663,362813,0.9968303230589863
ethereum,964,2,1928,1925308,72881396,0.026417002220978314,361665,362813,0.9968358355406228
ethereum,966,1,966,1926274,72881396,0.02643025663229612,361666,362813,0.9968385917814411
ethereum,967,1,967,1927241,72881396,0.026443524764536618,361667,362813,0.9968413480222594
ethereum,968,3,2904,1930145,72881396,0.026483370324026177,361670,362813,0.9968496167447142
ethereum,969,1,969,1931114,72881396,0.02649666589811205,361671,362813,0.9968523729855325
ethereum,970,2,1940,1933054,72881396,0.02652328448812918,361673,362813,0.996857885467169
ethereum,974,1,974,1934028,72881396,0.0265366486668285,361674,362813,0.9968606417079873
ethereum,976,1,976,1935004,72881396,0.0265500402873732,361675,362813,0.9968633979488056
ethereum,977,1,977,1935981,72881396,0.02656344562884059,361676,362813,0.9968661541896239
ethereum,980,1,980,1936961,72881396,0.026576892133076045,361677,362813,0.9968689104304421
ethereum,982,2,1964,1938925,72881396,0.026603840025237715,361679,362813,0.9968744229120787
ethereum,983,2,1966,1940891,72881396,0.026630815359244765,361681,362813,0.9968799353937152
ethereum,984,2,1968,1942859,72881396,0.026657818135097194,361683,362813,0.9968854478753517
ethereum,986,1,986,1943845,72881396,0.026671346964868784,361684,362813,0.9968882041161701
ethereum,989,1,989,1944834,72881396,0.026684916957408444,361685,362813,0.9968909603569883
ethereum,993,1,993,1945827,72881396,0.026698541833638862,361686,362813,0.9968937165978066
ethereum,994,1,994,1946821,72881396,0.026712180430791967,361687,362813,0.9968964728386248
ethereum,996,1,996,1947817,72881396,0.026725846469790454,361688,362813,0.9968992290794432
ethereum,997,1,997,1948814,72881396,0.026739526229711628,361689,362813,0.9969019853202614
ethereum,1000,13,13000,1961814,72881396,0.026917898224671766,361702,362813,0.996937816450899
ethereum,1001,1,1001,1962815,72881396,0.0269316328682837,361703,362813,0.9969405726917172
ethereum,1006,1,1006,1963821,72881396,0.026945436116509073,361704,362813,0.9969433289325355
ethereum,1007,1,1007,1964828,72881396,0.02695925308565714,361705,362813,0.9969460851733538
ethereum,1010,1,1010,1965838,72881396,0.026973111217573276,361706,362813,0.9969488414141721
ethereum,1011,2,2022,1967860,72881396,0.02700085492325092,361708,362813,0.9969543538958086
ethereum,1012,1,1012,1968872,72881396,0.027014740497012434,361709,362813,0.9969571101366269
ethereum,1016,1,1016,1969888,72881396,0.027028680954464705,361710,362813,0.9969598663774452
ethereum,1018,1,1018,1970906,72881396,0.02704264885376235,361711,362813,0.9969626226182634
ethereum,1020,2,2040,1972946,72881396,0.027070639536048404,361713,362813,0.9969681350998999
ethereum,1021,3,3063,1976009,72881396,0.027112666722245552,361716,362813,0.9969764038223548
ethereum,1022,2,2044,1978053,72881396,0.02714071228822236,361718,362813,0.9969819163039914
ethereum,1024,2,2048,1980101,72881396,0.027168812737889927,361720,362813,0.9969874287856278
ethereum,1025,1,1025,1981126,72881396,0.0271828766836464,361721,362813,0.9969901850264461
ethereum,1030,1,1030,1982156,72881396,0.027197009234016318,361722,362813,0.9969929412672645
ethereum,1031,1,1031,1983187,72881396,0.027211155505308927,361723,362813,0.9969956975080827
ethereum,1033,1,1033,1984220,72881396,0.027225329218446913,361724,362813,0.996998453748901
ethereum,1034,1,1034,1985254,72881396,0.027239516652507588,361725,362813,0.9970012099897192
ethereum,1035,1,1035,1986289,72881396,0.027253717807490953,361726,362813,0.9970039662305374
ethereum,1037,2,2074,1988363,72881396,0.02728217500114844,361728,362813,0.997009478712174
ethereum,1039,2,2078,1990441,72881396,0.027310687078496685,361730,362813,0.9970149911938105
ethereum,1040,2,2080,1992521,72881396,0.027339226597690308,361732,362813,0.9970205036754471
ethereum,1042,1,1042,1993563,72881396,0.027353523799132497,361733,362813,0.9970232599162654
ethereum,1043,1,1043,1994606,72881396,0.027367834721497376,361734,362813,0.9970260161570836
ethereum,1049,1,1049,1995655,72881396,0.02738222796939839,361735,362813,0.997028772397902
ethereum,1050,1,1050,1996705,72881396,0.027396634938222093,361736,362813,0.9970315286387202
ethereum,1051,1,1051,1997756,72881396,0.027411055627968486,361737,362813,0.9970342848795385
ethereum,1055,1,1055,1998811,72881396,0.027425531201405638,361738,362813,0.9970370411203567
ethereum,1057,2,2114,2000925,72881396,0.027454537231970694,361740,362813,0.9970425536019933
ethereum,1058,1,1058,2001983,72881396,0.02746905396817591,361741,362813,0.9970453098428116
ethereum,1059,1,1059,2003042,72881396,0.02748358442530382,361742,362813,0.9970480660836298
ethereum,1061,1,1061,2004103,72881396,0.027498142324277105,361743,362813,0.9970508223244481
ethereum,1065,1,1065,2005168,72881396,0.027512755106941147,361744,362813,0.9970535785652664
ethereum,1068,2,2136,2007304,72881396,0.027542062997805365,361746,362813,0.9970590910469029
ethereum,1069,1,1069,2008373,72881396,0.027556730664160166,361747,362813,0.9970618472877212
ethereum,1070,1,1070,2009443,72881396,0.027571412051437653,361748,362813,0.9970646035285395
ethereum,1071,1,1071,2010514,72881396,0.027586107159637833,361749,362813,0.9970673597693578
ethereum,1076,1,1076,2011590,72881396,0.027600870872451454,361750,362813,0.997070116010176
ethereum,1077,1,1077,2012667,72881396,0.02761564830618777,361751,362813,0.9970728722509943
ethereum,1080,2,2160,2014827,72881396,0.02764528549919653,361753,362813,0.9970783847326309
ethereum,1081,1,1081,2015908,72881396,0.0276601178166236,361754,362813,0.9970811409734491
ethereum,1083,1,1083,2016991,72881396,0.02767497757589605,361755,362813,0.9970838972142674
ethereum,1085,1,1085,2018076,72881396,0.027689864777013875,361756,362813,0.9970866534550856
ethereum,1086,1,1086,2019162,72881396,0.027704765699054393,361757,362813,0.997089409695904
ethereum,1087,1,1087,2020249,72881396,0.0277196803420176,361758,362813,0.9970921659367222
ethereum,1088,1,1088,2021337,72881396,0.027734608705903493,361759,362813,0.9970949221775405
ethereum,1089,1,1089,2022426,72881396,0.027749550790712077,361760,362813,0.9970976784183587
ethereum,1091,1,1091,2023517,72881396,0.02776452031736604,361761,362813,0.9971004346591771
ethereum,1098,2,2196,2025713,72881396,0.027794651463591613,361763,362813,0.9971059471408136
ethereum,1099,1,1099,2026812,72881396,0.02780973075762709,361764,362813,0.9971087033816318
ethereum,1100,1,1100,2027912,72881396,0.027824823772585255,361765,362813,0.9971114596224502
ethereum,1102,1,1102,2029014,72881396,0.0278399442293888,361766,362813,0.9971142158632684
ethereum,1104,1,1104,2030118,72881396,0.027855092128037724,361767,362813,0.9971169721040867
ethereum,1105,1,1105,2031223,72881396,0.027870253747609337,361768,362813,0.9971197283449049
ethereum,1111,5,5555,2036778,72881396,0.027946473473148072,361773,362813,0.9971335095489963
ethereum,1114,1,1114,2037892,72881396,0.02796175858102389,361774,362813,0.9971362657898146
ethereum,1115,1,1115,2039007,72881396,0.02797705740982239,361775,362813,0.9971390220306329
ethereum,1118,1,1118,2040125,72881396,0.027992397401388962,361776,362813,0.9971417782714511
ethereum,1119,1,1119,2041244,72881396,0.028007751113878224,361777,362813,0.9971445345122694
ethereum,1120,1,1120,2042364,72881396,0.028023118547290175,361778,362813,0.9971472907530877
ethereum,1122,1,1122,2043486,72881396,0.028038513422547505,361779,362813,0.997150046993906
ethereum,1124,1,1124,2044610,72881396,0.02805393573965021,361780,362813,0.9971528032347242
ethereum,1127,1,1127,2045737,72881396,0.028069399219520987,361781,362813,0.9971555594755425
ethereum,1129,1,1129,2046866,72881396,0.02808489014123714,361782,362813,0.9971583157163608
ethereum,1130,1,1130,2047996,72881396,0.028100394783875982,361783,362813,0.9971610719571791
ethereum,1136,1,1136,2049132,72881396,0.02811598175205096,361784,362813,0.9971638281979973
ethereum,1138,1,1138,2050270,72881396,0.02813159616207132,361785,362813,0.9971665844388156
ethereum,1144,1,1144,2051414,72881396,0.028147292897627813,361786,362813,0.9971693406796338
ethereum,1151,3,3453,2054867,72881396,0.028194671243673763,361789,362813,0.9971776094020887
ethereum,1152,2,2304,2057171,72881396,0.028226284249549774,361791,362813,0.9971831218837253
ethereum,1153,1,1153,2058324,72881396,0.02824210447341047,361792,362813,0.9971858781245435
ethereum,1155,2,2310,2060634,72881396,0.02827379980482262,361794,362813,0.99719139060618
ethereum,1156,1,1156,2061790,72881396,0.028289661191451383,361795,362813,0.9971941468469984
ethereum,1159,2,2318,2064108,72881396,0.028321466290245043,361797,362813,0.9971996593286349
ethereum,1160,1,1160,2065268,72881396,0.028337382560564565,361798,362813,0.9972024155694531
ethereum,1164,3,3492,2068760,72881396,0.028385296022595395,361801,362813,0.997210684291908
ethereum,1166,2,2332,2071092,72881396,0.028417293214306708,361803,362813,0.9972161967735444
ethereum,1167,1,1167,2072259,72881396,0.028433305531085053,361804,362813,0.9972189530143628
ethereum,1168,1,1168,2073427,72881396,0.028449331568786086,361805,362813,0.997221709255181
ethereum,1170,2,2340,2075767,72881396,0.028481438527878912,361807,362813,0.9972272217368175
ethereum,1173,1,1173,2076940,72881396,0.028497533170193393,361808,362813,0.9972299779776359
ethereum,1175,1,1175,2078115,72881396,0.02851365525435325,361809,362813,0.9972327342184542
ethereum,1178,1,1178,2079293,72881396,0.028529818501281178,361810,362813,0.9972354904592724
ethereum,1179,1,1179,2080472,72881396,0.028545995469131794,361811,362813,0.9972382467000906
ethereum,1180,1,1180,2081652,72881396,0.0285621861579051,361812,362813,0.997241002940909
ethereum,1181,2,2362,2084014,72881396,0.028594594977297088,361814,362813,0.9972465154225455
ethereum,1182,1,1182,2085196,72881396,0.02861081310791577,361815,362813,0.9972492716633637
ethereum,1185,1,1185,2086381,72881396,0.028627072401302522,361816,362813,0.997252027904182
ethereum,1191,2,2382,2088763,72881396,0.028659755639148295,361818,362813,0.9972575403858186
ethereum,1195,1,1195,2089958,72881396,0.02867615214176194,361819,362813,0.9972602966266368
ethereum,1197,1,1197,2091155,72881396,0.028692576086220962,361820,362813,0.9972630528674551
ethereum,1198,1,1198,2092353,72881396,0.02870901375160267,361821,362813,0.9972658091082734
ethereum,1199,1,1199,2093552,72881396,0.028725465137907073,361822,362813,0.9972685653490917
ethereum,1200,3,3600,2097152,72881396,0.028774860459588342,361825,362813,0.9972768340715465
ethereum,1201,1,1201,2098353,72881396,0.02879133928773812,361826,362813,0.9972795903123648
ethereum,1202,1,1202,2099555,72881396,0.02880783183681059,361827,362813,0.997282346553183
ethereum,1204,1,1204,2100759,72881396,0.028824351827728436,361828,362813,0.9972851027940013
ethereum,1205,1,1205,2101964,72881396,0.028840885539568973,361829,362813,0.9972878590348195
ethereum,1209,3,3627,2105591,72881396,0.028890651326162854,361832,362813,0.9972961277572744
ethereum,1210,1,1210,2106801,72881396,0.028907253642616836,361833,362813,0.9972988839980926
ethereum,1212,1,1212,2108013,72881396,0.028923883400916197,361834,362813,0.997301640238911
ethereum,1214,1,1214,2109227,72881396,0.028940540601060934,361835,362813,0.9973043964797292
ethereum,1217,1,1217,2110444,72881396,0.02895723896397374,361836,362813,0.9973071527205475
ethereum,1220,1,1220,2111664,72881396,0.028973978489654616,361837,362813,0.9973099089613657
ethereum,1222,1,1222,2112886,72881396,0.028990745457180868,361838,362813,0.9973126652021841
ethereum,1226,1,1226,2114112,72881396,0.029007567308397878,361839,362813,0.9973154214430023
ethereum,1229,1,1229,2115341,72881396,0.029024430322382958,361840,362813,0.9973181776838206
ethereum,1230,1,1230,2116571,72881396,0.029041307057290723,361841,362813,0.9973209339246388
ethereum,1232,1,1232,2117803,72881396,0.02905821123404387,361842,362813,0.9973236901654572
ethereum,1235,2,2470,2120273,72881396,0.029092101913086296,361844,362813,0.9973292026470937
ethereum,1236,2,2472,2122745,72881396,0.029126020033974104,361846,362813,0.9973347151287302
ethereum,1238,1,1238,2123983,72881396,0.029143006536263383,361847,362813,0.9973374713695485
ethereum,1240,1,1240,2125223,72881396,0.029160020480398043,361848,362813,0.9973402276103668
ethereum,1241,1,1241,2126464,72881396,0.02917704814545539,361849,362813,0.997342983851185
ethereum,1243,1,1243,2127707,72881396,0.02919410325235812,361850,362813,0.9973457400920033
ethereum,1246,1,1246,2128953,72881396,0.029211199522028913,361851,362813,0.9973484963328216
ethereum,1247,1,1247,2130200,72881396,0.029228309512622397,361852,362813,0.9973512525736399
ethereum,1250,2,2500,2132700,72881396,0.029262611819345502,361854,362813,0.9973567650552764
ethereum,1251,3,3753,2136453,72881396,0.029314106442198225,361857,362813,0.9973650337777312
ethereum,1252,1,1252,2137705,72881396,0.029331285037405157,361858,362813,0.9973677900185495
ethereum,1259,1,1259,2138964,72881396,0.02934855967907091,361859,362813,0.9973705462593677
ethereum,1267,1,1267,2140231,72881396,0.02936594408811818,361860,362813,0.9973733025001861
ethereum,1268,1,1268,2141499,72881396,0.029383342218088138,361861,362813,0.9973760587410043
ethereum,1271,1,1271,2142770,72881396,0.029400781510826163,361862,362813,0.9973788149818226
ethereum,1275,1,1275,2144045,72881396,0.029418275687254948,361863,362813,0.9973815712226408
ethereum,1277,1,1277,2145322,72881396,0.02943579730552911,361864,362813,0.9973843274634592
ethereum,1279,2,2558,2147880,72881396,0.02947089542576819,361866,362813,0.9973898399450957
ethereum,1281,1,1281,2149161,72881396,0.029488471927733108,361867,362813,0.9973925961859139
ethereum,1284,1,1284,2150445,72881396,0.029506089592466093,361868,362813,0.9973953524267323
ethereum,1285,1,1285,2151730,72881396,0.02952372097812177,361869,362813,0.9973981086675505
ethereum,1288,1,1288,2153018,72881396,0.02954139352654551,361870,362813,0.9974008649083688
ethereum,1291,1,1291,2154309,72881396,0.029559107237737324,361871,362813,0.997403621149187
ethereum,1293,2,2586,2156895,72881396,0.0295945895438117,361873,362813,0.9974091336308236
ethereum,1300,2,2600,2159495,72881396,0.02963026394280373,361875,362813,0.9974146461124601
ethereum,1301,1,1301,2160796,72881396,0.029648114863222434,361876,362813,0.9974174023532784
ethereum,1305,1,1305,2162101,72881396,0.029666020667331892,361877,362813,0.9974201585940967
ethereum,1306,1,1306,2163407,72881396,0.029683940192364044,361878,362813,0.997422914834915
ethereum,1310,2,2620,2166027,72881396,0.029719889009809857,361880,362813,0.9974284273165515
ethereum,1317,1,1317,2167344,72881396,0.029737959464991588,361881,362813,0.9974311835573698
ethereum,1320,1,1320,2168664,72881396,0.029756071082941385,361882,362813,0.9974339397981881
ethereum,1325,1,1325,2169989,72881396,0.02977425130550463,361883,362813,0.9974366960390063
ethereum,1330,1,1330,2171319,72881396,0.029792500132681324,361884,362813,0.9974394522798246
ethereum,1334,1,1334,2172653,72881396,0.02981080384354877,361885,362813,0.9974422085206429
ethereum,1341,1,1341,2173994,72881396,0.029829203600875043,361886,362813,0.9974449647614612
ethereum,1343,1,1343,2175337,72881396,0.029847630800046696,361887,362813,0.9974477210022794
ethereum,1344,1,1344,2176681,72881396,0.029866071720141035,361888,362813,0.9974504772430977
ethereum,1349,1,1349,2178030,72881396,0.029884581244848822,361889,362813,0.9974532334839159
ethereum,1351,3,4053,2182083,72881396,0.02994019214450832,361892,362813,0.9974615022063708
ethereum,1353,1,1353,2183436,72881396,0.029958756552906862,361893,362813,0.997464258447189
ethereum,1355,1,1355,2184791,72881396,0.029977348403150784,361894,362813,0.9974670146880074
ethereum,1358,4,5432,2190223,72881396,0.030051880455198746,361898,362813,0.9974780396512805
ethereum,1359,1,1359,2191582,72881396,0.030070527189133424,361899,362813,0.9974807958920987
ethereum,1360,3,4080,2195662,72881396,0.03012650855370553,361902,362813,0.9974890646145536
ethereum,1361,1,1361,2197023,72881396,0.03014518272948559,361903,362813,0.9974918208553718
ethereum,1370,3,4110,2201133,72881396,0.030201575721738372,361906,362813,0.9975000895778265
ethereum,1371,1,1371,2202504,72881396,0.030220387106745322,361907,362813,0.9975028458186449
ethereum,1373,1,1373,2203877,72881396,0.03023922593359765,361908,362813,0.9975056020594631
ethereum,1376,1,1376,2205253,72881396,0.030258105923218048,361909,362813,0.9975083583002814
ethereum,1380,3,4140,2209393,72881396,0.030314910543151507,361912,362813,0.9975166270227362
ethereum,1387,1,1387,2210780,72881396,0.030333941462921486,361913,362813,0.9975193832635545
ethereum,1388,2,2776,2213556,72881396,0.03037203074430682,361915,362813,0.9975248957451911
ethereum,1395,1,1395,2214951,72881396,0.03039117143145831,361916,362813,0.9975276519860093
ethereum,1398,2,2796,2217747,72881396,0.030429535131297432,361918,362813,0.9975331644676458
ethereum,1400,2,2800,2220547,72881396,0.030467953714827307,361920,362813,0.9975386769492824
ethereum,1412,2,2824,2223371,72881396,0.030506701600501725,361922,362813,0.9975441894309189
ethereum,1413,1,1413,2224784,72881396,0.030526089264261622,361923,362813,0.9975469456717372
ethereum,1415,1,1415,2226199,72881396,0.0305455043698669,361924,362813,0.9975497019125555
ethereum,1416,1,1416,2227615,72881396,0.030564933196394865,361925,362813,0.9975524581533738
ethereum,1417,1,1417,2229032,72881396,0.03058437574384552,361926,362813,0.997555214394192
ethereum,1420,1,1420,2230452,72881396,0.030603859454064245,361927,362813,0.9975579706350103
ethereum,1422,1,1422,2231874,72881396,0.030623370606128346,361928,362813,0.9975607268758286
ethereum,1431,2,2862,2234736,72881396,0.030662639886864955,361930,362813,0.9975662393574651
ethereum,1435,1,1435,2236171,72881396,0.03068232941092402,361931,362813,0.9975689955982834
ethereum,1436,1,1436,2237607,72881396,0.030702032655905768,361932,362813,0.9975717518391017
ethereum,1438,1,1438,2239045,72881396,0.030721763342732897,361933,362813,0.99757450807992
ethereum,1440,1,1440,2240485,72881396,0.030741521471405405,361934,362813,0.9975772643207382
ethereum,1445,1,1445,2241930,72881396,0.03076134820469136,361935,362813,0.9975800205615565
ethereum,1451,1,1451,2243381,72881396,0.03078125726351345,361936,362813,0.9975827768023747
ethereum,1455,1,1455,2244836,72881396,0.030801221206026293,361937,362813,0.9975855330431931
ethereum,1461,1,1461,2246297,72881396,0.03082126747407528,361938,362813,0.9975882892840113
ethereum,1465,1,1465,2247762,72881396,0.030841368625815015,361939,362813,0.9975910455248296
ethereum,1468,1,1468,2249230,72881396,0.03086151094032282,361940,362813,0.9975938017656478
ethereum,1469,1,1469,2250699,72881396,0.030881666975753317,361941,362813,0.9975965580064662
ethereum,1474,1,1474,2252173,72881396,0.03090189161579726,361942,362813,0.9975993142472844
ethereum,1480,1,1480,2253653,72881396,0.030922198581377337,361943,362813,0.9976020704881027
ethereum,1485,1,1485,2255138,72881396,0.03094257415157086,361944,362813,0.9976048267289209
ethereum,1488,1,1488,2256626,72881396,0.030962990884532453,361945,362813,0.9976075829697393
ethereum,1490,1,1490,2258116,72881396,0.030983435059339422,361946,362813,0.9976103392105575
ethereum,1491,1,1491,2259607,72881396,0.03100389295506908,361947,362813,0.9976130954513758
ethereum,1496,1,1496,2261103,72881396,0.031024419455412188,361948,362813,0.997615851692194
ethereum,1497,1,1497,2262600,72881396,0.03104495967667798,361949,362813,0.9976186079330123
ethereum,1500,3,4500,2267100,72881396,0.03110670382877957,361952,362813,0.9976268766554671
ethereum,1501,1,1501,2268601,72881396,0.03112729893373612,361953,362813,0.9976296328962854
ethereum,1502,1,1502,2270103,72881396,0.031147907759615363,361954,362813,0.9976323891371037
ethereum,1506,1,1506,2271609,72881396,0.03116857146918536,361955,362813,0.997635145377922
ethereum,1510,1,1510,2273119,72881396,0.031189290062446116,361956,362813,0.9976379016187402
ethereum,1512,1,1512,2274631,72881396,0.031210036097552248,361957,362813,0.9976406578595585
ethereum,1513,1,1513,2276144,72881396,0.03123079585358107,361958,362813,0.9976434141003768
ethereum,1514,2,3028,2279172,72881396,0.031272342807484095,361960,362813,0.9976489265820133
ethereum,1515,1,1515,2280687,72881396,0.03129313000535829,361961,362813,0.9976516828228316
ethereum,1518,1,1518,2282205,72881396,0.031313958366000566,361962,362813,0.9976544390636499
ethereum,1526,1,1526,2283731,72881396,0.03133489649402434,361963,362813,0.9976571953044682
ethereum,1531,2,3062,2286793,72881396,0.0313769099592988,361965,362813,0.9976627077861047
ethereum,1536,2,3072,2289865,72881396,0.03141906063380016,361967,362813,0.9976682202677413
ethereum,1542,1,1542,2291407,72881396,0.03144021829658696,361968,362813,0.9976709765085595
ethereum,1545,1,1545,2292952,72881396,0.031461417122141844,361969,362813,0.9976737327493778
ethereum,1547,1,1547,2294499,72881396,0.0314826433895421,361970,362813,0.997676488990196
ethereum,1548,1,1548,2296047,72881396,0.03150388337786505,361971,362813,0.9976792452310144
ethereum,1550,1,1550,2297597,72881396,0.03152515080803337,361972,362813,0.9976820014718326
ethereum,1555,1,1555,2299152,72881396,0.03154648684281514,361973,362813,0.9976847577126509
ethereum,1559,2,3118,2302270,72881396,0.031589268679760196,361975,362813,0.9976902701942875
ethereum,1560,1,1560,2303830,72881396,0.03161067331915541,361976,362813,0.9976930264351057
ethereum,1565,1,1565,2305395,72881396,0.03163214656316408,361977,362813,0.997695782675924
ethereum,1566,1,1566,2306961,72881396,0.03165363352809543,361978,362813,0.9976985389167422
ethereum,1568,1,1568,2308529,72881396,0.03167514793487216,361979,362813,0.9977012951575605
ethereum,1570,2,3140,2311669,72881396,0.03171823163211638,361981,362813,0.9977068076391971
ethereum,1574,1,1574,2313243,72881396,0.03173982836442924,361982,362813,0.9977095638800153
ethereum,1578,3,4734,2317977,72881396,0.03180478321244011,361985,362813,0.9977178326024702
ethereum,1579,1,1579,2319556,72881396,0.03182644854936643,361986,362813,0.9977205888432884
ethereum,1585,2,3170,2322726,72881396,0.031869943874291325,361988,362813,0.997726101324925
ethereum,1587,1,1587,2324313,72881396,0.031891718978599146,361989,362813,0.9977288575657433
ethereum,1592,1,1592,2325905,72881396,0.03191356268752042,361990,362813,0.9977316138065615
ethereum,1595,1,1595,2327500,72881396,0.03193544755920976,361991,362813,0.9977343700473797
ethereum,1599,1,1599,2329099,72881396,0.03195738731458986,361992,362813,0.9977371262881981
ethereum,1600,3,4800,2333899,72881396,0.03202324774349822,361995,362813,0.9977453950106528
ethereum,1603,1,1603,2335502,72881396,0.03204524238256907,361996,362813,0.9977481512514711
ethereum,1605,2,3210,2338712,72881396,0.03208928654440154,361998,362813,0.9977536637331077
ethereum,1610,1,1610,2340322,72881396,0.032111377229931216,361999,362813,0.997756419973926
ethereum,1612,2,3224,2343546,72881396,0.03215561348468133,362001,362813,0.9977619324555626
ethereum,1619,1,1619,2345165,72881396,0.032177827658515214,362002,362813,0.9977646886963808
ethereum,1620,1,1620,2346785,72881396,0.03220005555327178,362003,362813,0.997767444937199
ethereum,1625,1,1625,2348410,72881396,0.0322223520526418,362004,362813,0.9977702011780173
ethereum,1627,1,1627,2350037,72881396,0.0322446759938572,362005,362813,0.9977729574188356
ethereum,1629,1,1629,2351666,72881396,0.03226702737691797,362006,362813,0.9977757136596539
ethereum,1631,1,1631,2353297,72881396,0.032289406201824127,362007,362813,0.9977784699004721
ethereum,1633,1,1633,2354930,72881396,0.03231181246857566,362008,362813,0.9977812261412904
ethereum,1635,1,1635,2356565,72881396,0.032334246177172565,362009,362813,0.9977839823821086
ethereum,1641,1,1641,2358206,72881396,0.03235676221130561,362010,362813,0.997786738622927
ethereum,1644,1,1644,2359850,72881396,0.03237931940820672,362011,362813,0.9977894948637452
ethereum,1646,1,1646,2361496,72881396,0.032401904046953214,362012,362813,0.9977922511045635
ethereum,1657,1,1657,2363153,72881396,0.03242463961584929,362013,362813,0.9977950073453817
ethereum,1662,2,3324,2366477,72881396,0.03247024796286833,362015,362813,0.9978005198270183
ethereum,1663,1,1663,2368140,72881396,0.03249306585730054,362016,362813,0.9978032760678366
ethereum,1664,1,1664,2369804,72881396,0.03251589747265544,362017,362813,0.9978060323086548
ethereum,1666,1,1666,2371470,72881396,0.03253875652985571,362018,362813,0.9978087885494732
ethereum,1669,2,3338,2374808,72881396,0.0325845569697924,362020,362813,0.9978143010311097
ethereum,1672,1,1672,2376480,72881396,0.03260749835252881,362021,362813,0.9978170572719279
ethereum,1675,1,1675,2378155,72881396,0.03263048089803329,362022,362813,0.9978198135127463
ethereum,1678,1,1678,2379833,72881396,0.03265350460630584,362023,362813,0.9978225697535645
ethereum,1679,1,1679,2381512,72881396,0.03267654203550108,362024,362813,0.9978253259943828
ethereum,1682,2,3364,2384876,72881396,0.032722699219427685,362026,362813,0.9978308384760193
ethereum,1686,1,1686,2386562,72881396,0.032745832695081745,362027,362813,0.9978335947168376
ethereum,1688,1,1688,2388250,72881396,0.03276899361258118,362028,362813,0.9978363509576559
ethereum,1690,1,1690,2389940,72881396,0.032792181971926,362029,362813,0.9978391071984741
ethereum,1692,1,1692,2391632,72881396,0.0328153977731162,362030,362813,0.9978418634392924
ethereum,1696,1,1696,2393328,72881396,0.032838668457997156,362031,362813,0.9978446196801107
ethereum,1699,1,1699,2395027,72881396,0.032861980305646174,362032,362813,0.997847375920929
ethereum,1701,1,1701,2396728,72881396,0.03288531959514058,362033,362813,0.9978501321617472
ethereum,1708,1,1708,2398436,72881396,0.0329087549310938,362034,362813,0.9978528884025655
ethereum,1710,1,1710,2400146,72881396,0.0329322177088924,362035,362813,0.9978556446433838
ethereum,1728,1,1728,2401874,72881396,0.032955927463299416,362036,362813,0.9978584008842021
ethereum,1732,1,1732,2403606,72881396,0.03297969210139718,362037,362813,0.9978611571250203
ethereum,1746,2,3492,2407098,72881396,0.033027605563428014,362039,362813,0.9978666696066568
ethereum,1752,1,1752,2408850,72881396,0.033051644619979566,362040,362813,0.9978694258474752
ethereum,1754,1,1754,2410604,72881396,0.03307571111837649,362041,362813,0.9978721820882934
ethereum,1755,1,1755,2412359,72881396,0.03309979133769611,362042,362813,0.9978749383291117
ethereum,1756,1,1756,2414115,72881396,0.03312388527793842,362043,362813,0.9978776945699299
ethereum,1758,1,1758,2415873,72881396,0.033148006660026104,362044,362813,0.9978804508107483
ethereum,1759,1,1759,2417632,72881396,0.03317214176303648,362045,362813,0.9978832070515665
ethereum,1760,1,1760,2419392,72881396,0.033196290586969546,362046,362813,0.9978859632923848
ethereum,1776,1,1776,2421168,72881396,0.03322065894566564,362047,362813,0.997888719533203
ethereum,1783,1,1783,2422951,72881396,0.033245123350820555,362048,362813,0.9978914757740214
ethereum,1788,1,1788,2424739,72881396,0.03326965636058892,362049,362813,0.9978942320148396
ethereum,1791,1,1791,2426530,72881396,0.03329423053312535,362050,362813,0.9978969882556579
ethereum,1792,1,1792,2428322,72881396,0.033318818426584476,362051,362813,0.9978997444964761
ethereum,1794,2,3588,2431910,72881396,0.03336804909719347,362053,362813,0.9979052569781127
ethereum,1800,2,3600,2435510,72881396,0.033417444418874745,362055,362813,0.9979107694597492
ethereum,1801,1,1801,2437311,72881396,0.033442155800638064,362056,362813,0.9979135257005675
ethereum,1803,1,1803,2439114,72881396,0.03346689462424677,362057,362813,0.9979162819413858
ethereum,1806,1,1806,2440920,72881396,0.03349167461062354,362058,362813,0.9979190381822041
ethereum,1810,1,1810,2442730,72881396,0.03351650948069107,362059,362813,0.9979217944230223
ethereum,1821,1,1821,2444551,72881396,0.033541495280908176,362060,362813,0.9979245506638406
ethereum,1823,1,1823,2446374,72881396,0.03356650852297066,362061,362813,0.9979273069046589
ethereum,1830,1,1830,2448204,72881396,0.033591617811491975,362062,362813,0.9979300631454772
ethereum,1839,1,1839,2450043,72881396,0.03361685058831749,362063,362813,0.9979328193862954
ethereum,1841,2,3682,2453725,72881396,0.033667371025659275,362065,362813,0.997938331867932
ethereum,1846,1,1846,2455571,72881396,0.033692699848943616,362066,362813,0.9979410881087503
ethereum,1855,1,1855,2457426,72881396,0.03371815216053216,362067,362813,0.9979438443495685
ethereum,1864,1,1864,2459290,72881396,0.03374372796042491,362068,362813,0.9979466005903868
ethereum,1868,2,3736,2463026,72881396,0.033794989327591916,362070,362813,0.9979521130720234
ethereum,1869,1,1869,2464895,72881396,0.03382063373209811,362071,362813,0.9979548693128416
ethereum,1876,1,1876,2466771,72881396,0.033846374183063126,362072,362813,0.9979576255536599
ethereum,1877,1,1877,2468648,72881396,0.03387212835495083,362073,362813,0.9979603817944781
ethereum,1882,1,1882,2470530,72881396,0.033897951131451984,362074,362813,0.9979631380352965
ethereum,1888,1,1888,2472418,72881396,0.03392385623348927,362075,362813,0.9979658942761147
ethereum,1891,1,1891,2474309,72881396,0.03394980249829463,362076,362813,0.997968650516933
ethereum,1906,1,1906,2476215,72881396,0.03397595457694032,362077,362813,0.9979714067577512
ethereum,1909,1,1909,2478124,72881396,0.03400214781835408,362078,362813,0.9979741629985696
ethereum,1913,1,1913,2480037,72881396,0.0340283959434586,362079,362813,0.9979769192393878
ethereum,1914,1,1914,2481951,72881396,0.03405465778948581,362080,362813,0.997979675480206
ethereum,1917,1,1917,2483868,72881396,0.03408096079828109,362081,362813,0.9979824317210243
ethereum,1920,1,1920,2485788,72881396,0.03410730496984443,362082,362813,0.9979851879618427
ethereum,1923,1,1923,2487711,72881396,0.034133690304175845,362083,362813,0.9979879442026609
ethereum,1924,1,1924,2489635,72881396,0.03416008935942994,362084,362813,0.9979907004434792
ethereum,1935,1,1935,2491570,72881396,0.034186639344833625,362085,362813,0.9979934566842974
ethereum,1942,1,1942,2493512,72881396,0.034213285376696136,362086,362813,0.9979962129251156
ethereum,1952,1,1952,2495464,72881396,0.03424006861778553,362087,362813,0.997998969165934
ethereum,1959,1,1959,2497423,72881396,0.03426694790533376,362088,362813,0.9980017254067522
ethereum,1960,1,1960,2499383,72881396,0.03429384091380467,362089,362813,0.9980044816475705
ethereum,1971,1,1971,2501354,72881396,0.03432088485242517,362090,362813,0.9980072378883887
ethereum,1978,1,1978,2503332,72881396,0.03434802483750449,362091,362813,0.9980099941292071
ethereum,1980,1,1980,2505312,72881396,0.034375192264429186,362092,362813,0.9980127503700253
ethereum,1981,1,1981,2507293,72881396,0.034402373412276574,362093,362813,0.9980155066108436
ethereum,1987,1,1987,2509280,72881396,0.03442963688566009,362094,362813,0.9980182628516618
ethereum,1989,1,1989,2511269,72881396,0.03445692780088899,362095,362813,0.9980210190924802
ethereum,2000,1,2000,2513269,72881396,0.03448436964626748,362096,362813,0.9980237753332984
ethereum,2006,1,2006,2515275,72881396,0.034511893817182095,362097,362813,0.9980265315741167
ethereum,2008,1,2008,2517283,72881396,0.03453944542994209,362098,362813,0.9980292878149349
ethereum,2013,1,2013,2519296,72881396,0.034567065647315535,362099,362813,0.9980320440557532
ethereum,2014,1,2014,2521310,72881396,0.03459469958561167,362100,362813,0.9980348002965715
ethereum,2018,1,2018,2523328,72881396,0.034622388407598556,362101,362813,0.9980375565373898
ethereum,2019,2,4038,2527366,72881396,0.034677793493417715,362103,362813,0.9980430690190263
ethereum,2026,1,2026,2529392,72881396,0.03470559208278612,362104,362813,0.9980458252598446
ethereum,2029,1,2029,2531421,72881396,0.03473343183492259,362105,362813,0.9980485815006629
ethereum,2045,1,2045,2533466,72881396,0.03476149112182209,362106,362813,0.9980513377414811
ethereum,2048,1,2048,2535514,72881396,0.034789591571489656,362107,362813,0.9980540939822994
ethereum,2050,1,2050,2537564,72881396,0.034817719463002605,362108,362813,0.9980568502231177
ethereum,2056,1,2056,2539620,72881396,0.034845929680051686,362109,362813,0.998059606463936
ethereum,2066,1,2066,2541686,72881396,0.03487427710632766,362110,362813,0.9980623627047542
ethereum,2069,1,2069,2543755,72881396,0.0349026656953717,362111,362813,0.9980651189455725
ethereum,2070,1,2070,2545825,72881396,0.03493106800533843,362112,362813,0.9980678751863908
ethereum,2084,1,2084,2547909,72881396,0.034959662408222805,362113,362813,0.9980706314272091
ethereum,2091,1,2091,2550000,72881396,0.03498835285756601,362114,362813,0.9980733876680273
ethereum,2100,2,4200,2554200,72881396,0.035045980732860825,362116,362813,0.9980789001496638
ethereum,2107,1,2107,2556307,72881396,0.03507489071696706,362117,362813,0.9980816563904822
ethereum,2126,1,2126,2558433,72881396,0.035104061398604385,362118,362813,0.9980844126313004
ethereum,2142,2,4284,2562717,72881396,0.0351628418314051,362120,362813,0.9980899251129369
ethereum,2165,1,2165,2564882,72881396,0.0351925476290273,362121,362813,0.9980926813537553
ethereum,2171,1,2171,2567053,72881396,0.03522233575218565,362122,362813,0.9980954375945735
ethereum,2182,1,2182,2569235,72881396,0.035252274805493575,362123,362813,0.9980981938353918
ethereum,2188,1,2188,2571423,72881396,0.03528229618433763,362124,362813,0.99810095007621
ethereum,2191,1,2191,2573614,72881396,0.03531235872594976,362125,362813,0.9981037063170284
ethereum,2193,1,2193,2575807,72881396,0.03534244870940727,362126,362813,0.9981064625578466
ethereum,2201,3,6603,2582410,72881396,0.03543304796192433,362129,362813,0.9981147312803014
ethereum,2203,1,2203,2584613,72881396,0.03546327515460873,362130,362813,0.9981174875211197
ethereum,2204,1,2204,2586817,72881396,0.03549351606821582,362131,362813,0.998120243761938
ethereum,2205,1,2205,2589022,72881396,0.035523770702745594,362132,362813,0.9981230000027562
ethereum,2208,2,4416,2593438,72881396,0.035584362297341285,362134,362813,0.9981285124843928
ethereum,2209,1,2209,2595647,72881396,0.03561467181556182,362135,362813,0.9981312687252111
ethereum,2217,1,2217,2597864,72881396,0.035645091101163866,362136,362813,0.9981340249660293
ethereum,2218,1,2218,2600082,72881396,0.03567552410768861,362137,362813,0.9981367812068476
ethereum,2226,1,2226,2602308,72881396,0.03570606688159486,362138,362813,0.9981395374476659
ethereum,2229,1,2229,2604537,72881396,0.035736650818269176,362139,362813,0.9981422936884842
ethereum,2245,3,6735,2611272,72881396,0.03582906123258122,362142,362813,0.998150562410939
ethereum,2250,1,2250,2613522,72881396,0.03585993330863201,362143,362813,0.9981533186517573
ethereum,2251,2,4502,2618024,72881396,0.03592170490257898,362145,362813,0.9981588311333938
ethereum,2253,1,2253,2620277,72881396,0.035952618141397844,362146,362813,0.998161587374212
ethereum,2258,1,2258,2622535,72881396,0.035983599984830146,362147,362813,0.9981643436150304
ethereum,2260,1,2260,2624795,72881396,0.036014609270107835,362148,362813,0.9981670998558486
ethereum,2270,1,2270,2627065,72881396,0.036045755764612414,362149,362813,0.9981698560966669
ethereum,2275,1,2275,2629340,72881396,0.036076970863730434,362150,362813,0.9981726123374851
ethereum,2280,1,2280,2631620,72881396,0.03610825456746191,362151,362813,0.9981753685783035
ethereum,2290,1,2290,2633910,72881396,0.03613967548042027,362152,362813,0.9981781248191217
ethereum,2293,2,4586,2638496,72881396,0.03620259963187313,362154,362813,0.9981836373007582
ethereum,2295,1,2295,2640791,72881396,0.03623408914944494,362155,362813,0.9981863935415766
ethereum,2296,1,2296,2643087,72881396,0.036265592387939444,362156,362813,0.9981891497823948
ethereum,2307,1,2307,2645394,72881396,0.03629724655658352,362157,362813,0.9981919060232131
ethereum,2316,1,2316,2647710,72881396,0.036329024213531805,362158,362813,0.9981946622640313
ethereum,2319,1,2319,2650029,72881396,0.03636084303324816,362159,362813,0.9981974185048496
ethereum,2321,1,2321,2652350,72881396,0.036392689294809884,362160,362813,0.9982001747456679
ethereum,2329,2,4658,2657008,72881396,0.03645660135269637,362162,362813,0.9982056872273044
ethereum,2338,3,7014,2664022,72881396,0.036552839904438715,362165,362813,0.9982139559497593
ethereum,2343,1,2343,2666365,72881396,0.03658498802629961,362166,362813,0.9982167121905775
ethereum,2354,1,2354,2668719,72881396,0.03661728707831008,362167,362813,0.9982194684313958
ethereum,2355,1,2355,2671074,72881396,0.03664959985124325,362168,362813,0.9982222246722141
ethereum,2373,1,2373,2673447,72881396,0.03668215960078482,362169,362813,0.9982249809130324
ethereum,2375,1,2375,2675822,72881396,0.036714746792171765,362170,362813,0.9982277371538506
ethereum,2395,1,2395,2678217,72881396,0.036747608402012494,362171,362813,0.9982304933946688
ethereum,2397,1,2397,2680614,72881396,0.03678049745369861,362172,362813,0.9982332496354871
ethereum,2399,1,2399,2683013,72881396,0.0368134139472301,362173,362813,0.9982360058763055
ethereum,2400,4,9600,2692613,72881396,0.03694513480504682,362177,362813,0.9982470308395786
ethereum,2410,1,2410,2695023,72881396,0.03697820222872789,362178,362813,0.9982497870803968
ethereum,2431,1,2431,2697454,72881396,0.037011557791785436,362179,362813,0.998252543321215
ethereum,2432,2,4864,2702318,72881396,0.03707829635974591,362181,362813,0.9982580558028517
ethereum,2440,1,2440,2704758,72881396,0.037111775411107654,362182,362813,0.9982608120436699
ethereum,2442,1,2442,2707200,72881396,0.037145281904314785,362183,362813,0.9982635682844881
ethereum,2445,1,2445,2709645,72881396,0.037178829560289985,362184,362813,0.9982663245253064
ethereum,2450,1,2450,2712095,72881396,0.037212445820878626,362185,362813,0.9982690807661248
ethereum,2453,1,2453,2714548,72881396,0.037246103244235336,362186,362813,0.998271837006943
ethereum,2454,1,2454,2717002,72881396,0.03727977438851473,362187,362813,0.9982745932477612
ethereum,2460,1,2460,2719462,72881396,0.03731352785833027,362188,362813,0.9982773494885795
ethereum,2461,1,2461,2721923,72881396,0.03734729504906849,362189,362813,0.9982801057293977
ethereum,2462,1,2462,2724385,72881396,0.037381075960729405,362190,362813,0.9982828619702161
ethereum,2470,1,2470,2726855,72881396,0.03741496663977183,362191,362813,0.9982856182110343
ethereum,2473,1,2473,2729328,72881396,0.037448898481582324,362192,362813,0.9982883744518526
ethereum,2477,1,2477,2731805,72881396,0.03748288520708357,362193,362813,0.9982911306926708
ethereum,2489,1,2489,2734294,72881396,0.0375170365836571,362194,362813,0.9982938869334892
ethereum,2491,1,2491,2736785,72881396,0.037551215402075996,362195,362813,0.9982966431743074
ethereum,2500,5,12500,2749285,72881396,0.037722726935691515,362200,362813,0.9983104243783988
ethereum,2502,1,2502,2751787,72881396,0.03775705668426,362201,362813,0.998313180619217
ethereum,2511,1,2511,2754298,72881396,0.037791509921132685,362202,362813,0.9983159368600353
ethereum,2514,1,2514,2756812,72881396,0.03782600432077344,362203,362813,0.9983186931008536
ethereum,2529,1,2529,2759341,72881396,0.03786070453425453,362204,362813,0.9983214493416719
ethereum,2534,1,2534,2761875,72881396,0.037895473352349066,362205,362813,0.9983242055824901
ethereum,2538,1,2538,2764413,72881396,0.037930297054134365,362206,362813,0.9983269618233084
ethereum,2542,1,2542,2766955,72881396,0.03796517563961042,362207,362813,0.9983297180641267
ethereum,2546,1,2546,2769501,72881396,0.03800010910877723,362208,362813,0.998332474304945
ethereum,2548,1,2548,2772049,72881396,0.03803507001978941,362209,362813,0.9983352305457632
ethereum,2557,1,2557,2774606,72881396,0.0380701544191058,362210,362813,0.9983379867865815
ethereum,2561,1,2561,2777167,72881396,0.03810529370211295,362211,362813,0.9983407430273998
ethereum,2573,1,2573,2779740,72881396,0.03814059763619237,362212,362813,0.9983434992682181
ethereum,2578,1,2578,2782318,72881396,0.038175970174885235,362213,362813,0.9983462555090363
ethereum,2579,1,2579,2784897,72881396,0.03821135643450079,362214,362813,0.9983490117498546
ethereum,2580,1,2580,2787477,72881396,0.03824675641503903,362215,362813,0.9983517679906729
ethereum,2582,3,7746,2795223,72881396,0.038353038682189894,362218,362813,0.9983600367131277
ethereum,2586,2,5172,2800395,72881396,0.038424003294338656,362220,362813,0.9983655491947643
ethereum,2592,1,2592,2802987,72881396,0.03845956792594917,362221,362813,0.9983683054355825
ethereum,2608,1,2608,2805595,72881396,0.03849535209232271,362222,362813,0.9983710616764008
ethereum,2614,1,2614,2808209,72881396,0.03853121858423239,362223,362813,0.998373817917219
ethereum,2616,1,2616,2810825,72881396,0.038567112517987445,362224,362813,0.9983765741580374
ethereum,2627,1,2627,2813452,72881396,0.03860315738189208,362225,362813,0.9983793303988556
ethereum,2630,1,2630,2816082,72881396,0.03863924340856479,362226,362813,0.9983820866396739
ethereum,2640,1,2640,2818722,72881396,0.03867546664446438,362227,362813,0.9983848428804921
ethereum,2641,1,2641,2821363,72881396,0.03871170360128667,362228,362813,0.9983875991213105
ethereum,2652,1,2652,2824015,72881396,0.03874809148825854,362229,362813,0.9983903553621287
ethereum,2661,1,2661,2826676,72881396,0.03878460286353461,362230,362813,0.998393111602947
ethereum,2725,1,2725,2829401,72881396,0.038821992377862796,362231,362813,0.9983958678437652
ethereum,2728,1,2728,2832129,72881396,0.03885942305495905,362232,362813,0.9983986240845835
ethereum,2750,1,2750,2834879,72881396,0.03889715559235446,362233,362813,0.9984013803254018
ethereum,2759,1,2759,2837638,72881396,0.03893501161805408,362234,362813,0.9984041365662201
ethereum,2779,1,2779,2840417,72881396,0.03897314206220748,362235,362813,0.9984068928070383
ethereum,2802,1,2802,2843219,72881396,0.03901158808758273,362236,362813,0.9984096490478566
ethereum,2814,2,5628,2848847,72881396,0.03908880944047779,362238,362813,0.9984151615294932
ethereum,2819,1,2819,2851666,72881396,0.03912748872153876,362239,362813,0.9984179177703114
ethereum,2821,1,2821,2854487,72881396,0.03916619544444511,362240,362813,0.9984206740111297
ethereum,2825,1,2825,2857312,72881396,0.03920495705104222,362241,362813,0.998423430251948
ethereum,2840,1,2840,2860152,72881396,0.03924392447147966,362242,362813,0.9984261864927663
ethereum,2848,1,2848,2863000,72881396,0.03928300165929862,362243,362813,0.9984289427335845
ethereum,2851,1,2851,2865851,72881396,0.03932212000988565,362244,362813,0.9984316989744028
ethereum,2871,2,5742,2871593,72881396,0.039400905547967276,362246,362813,0.9984372114560394
ethereum,2878,1,2878,2874471,72881396,0.03944039436346691,362247,362813,0.9984399676968576
ethereum,2897,3,8691,2883162,72881396,0.03955964290255911,362250,362813,0.9984482364193125
ethereum,2898,1,2898,2886060,72881396,0.039599406136512534,362251,362813,0.9984509926601307
ethereum,2945,1,2945,2889005,72881396,0.039639814253832346,362252,362813,0.998453748900949
ethereum,2948,2,5896,2894901,72881396,0.039720712814008116,362254,362813,0.9984592613825856
ethereum,2954,1,2954,2897855,72881396,0.039761244419632136,362255,362813,0.9984620176234038
ethereum,2971,1,2971,2900826,72881396,0.03980200928094187,362256,362813,0.998464773864222
ethereum,2975,1,2975,2903801,72881396,0.03984282902594237,362257,362813,0.9984675301050403
ethereum,2978,1,2978,2906779,72881396,0.03988368993371093,362258,362813,0.9984702863458587
ethereum,2984,1,2984,2909763,72881396,0.039924633167015625,362259,362813,0.9984730425866769
ethereum,2986,1,2986,2912749,72881396,0.0399656038421657,362260,362813,0.9984757988274952
ethereum,2990,1,2990,2915739,72881396,0.040006629401006535,362261,362813,0.9984785550683134
ethereum,3000,4,12000,2927739,72881396,0.040171280473277435,362265,362813,0.9984895800315865
ethereum,3004,1,3004,2930743,72881396,0.04021249812503591,362266,362813,0.9984923362724047
ethereum,3007,1,3007,2933750,72881396,0.040253756939562464,362267,362813,0.9984950925132231
ethereum,3035,1,3035,2936785,72881396,0.040295399939924315,362268,362813,0.9984978487540414
ethereum,3040,1,3040,2939825,72881396,0.040337111544899606,362269,362813,0.9985006049948596
ethereum,3052,2,6104,2945929,72881396,0.040420864056994736,362271,362813,0.9985061174764962
ethereum,3063,1,3063,2948992,72881396,0.040462891243191884,362272,362813,0.9985088737173144
ethereum,3069,2,6138,2955130,72881396,0.04054711026665845,362274,362813,0.9985143861989509
ethereum,3072,1,3072,2958202,72881396,0.0405892609411598,362275,362813,0.9985171424397693
ethereum,3093,1,3093,2961295,72881396,0.04063169975503762,362276,362813,0.9985198986805875
ethereum,3123,1,3123,2964418,72881396,0.040674550196596125,362277,362813,0.9985226549214058
ethereum,3125,1,3125,2967543,72881396,0.04071742808000001,362278,362813,0.998525411162224
ethereum,3126,1,3126,2970669,72881396,0.04076031968432657,362279,362813,0.9985281674030423
ethereum,3132,1,3132,2973801,72881396,0.04080329361418928,362280,362813,0.9985309236438606
ethereum,3164,1,3164,2976965,72881396,0.04084670661357804,362281,362813,0.9985336798846789
ethereum,3167,1,3167,2980132,72881396,0.04089016077573487,362282,362813,0.9985364361254971
ethereum,3174,1,3174,2983306,72881396,0.040933710984350516,362283,362813,0.9985391923663154
ethereum,3178,1,3178,2986484,72881396,0.04097731607665693,362284,362813,0.9985419486071337
ethereum,3190,1,3190,2989674,72881396,0.04102108582003561,362285,362813,0.998544704847952
ethereum,3193,1,3193,2992867,72881396,0.04106489672618236,362286,362813,0.9985474610887702
ethereum,3200,1,3200,2996067,72881396,0.04110880367878793,362287,362813,0.9985502173295885
ethereum,3211,1,3211,2999278,72881396,0.04115286156154309,362288,362813,0.9985529735704068
ethereum,3220,1,3220,3002498,72881396,0.04119704293260244,362289,362813,0.9985557298112251
ethereum,3234,1,3234,3005732,72881396,0.04124141639657945,362290,362813,0.9985584860520433
ethereum,3254,1,3254,3008986,72881396,0.04128606427901024,362291,362813,0.9985612422928616
ethereum,3260,1,3260,3012246,72881396,0.04133079448697717,362292,362813,0.9985639985336798
ethereum,3265,1,3265,3015511,72881396,0.04137559329955755,362293,362813,0.9985667547744982
ethereum,3270,1,3270,3018781,72881396,0.041420460716751366,362294,362813,0.9985695110153164
ethereum,3278,1,3278,3022059,72881396,0.041465437901326695,362295,362813,0.9985722672561347
ethereum,3294,1,3294,3025353,72881396,0.04151063462066506,362296,362813,0.9985750234969529
ethereum,3300,1,3300,3028653,72881396,0.041555913665539554,362297,362813,0.9985777797377713
ethereum,3322,1,3322,3031975,72881396,0.041601494570713216,362298,362813,0.9985805359785895
ethereum,3326,1,3326,3035301,72881396,0.041647130359577636,362299,362813,0.9985832922194078
ethereum,3333,1,3333,3038634,72881396,0.04169286219490088,362300,362813,0.998586048460226
ethereum,3335,1,3335,3041969,72881396,0.0417386214720695,362301,362813,0.9985888047010444
ethereum,3350,1,3350,3045319,72881396,0.04178458656307846,362302,362813,0.9985915609418626
ethereum,3352,1,3352,3048671,72881396,0.041830579095932796,362303,362813,0.9985943171826809
ethereum,3391,1,3391,3052062,72881396,0.04187710674477201,362304,362813,0.9985970734234991
ethereum,3393,1,3393,3055455,72881396,0.04192366183545661,362305,362813,0.9985998296643175
ethereum,3400,2,6800,3062255,72881396,0.042016964109743454,362307,362813,0.998605342145954
ethereum,3406,1,3406,3065661,72881396,0.04206369757242301,362308,362813,0.9986080983867722
ethereum,3414,1,3414,3069075,72881396,0.04211054080248408,362309,362813,0.9986108546275905
ethereum,3432,1,3432,3072507,72881396,0.042157631009153554,362310,362813,0.9986136108684088
ethereum,3450,1,3450,3075957,72881396,0.04220496819243144,362311,362813,0.9986163671092271
ethereum,3466,1,3466,3079423,72881396,0.04225252491047235,362312,362813,0.9986191233500453
ethereum,3481,1,3481,3082904,72881396,0.042300287442353604,362313,362813,0.9986218795908636
ethereum,3491,1,3491,3086395,72881396,0.04234818718346174,362314,362813,0.9986246358316819
ethereum,3512,1,3512,3089907,72881396,0.04239637506394636,362315,362813,0.9986273920725002
ethereum,3515,1,3515,3093422,72881396,0.042444604107199045,362316,362813,0.9986301483133184
ethereum,3526,1,3526,3096948,72881396,0.04249298408060131,362317,362813,0.9986329045541367
ethereum,3534,1,3534,3100482,72881396,0.04254147382138509,362318,362813,0.998635660794955
ethereum,3548,1,3548,3104030,72881396,0.04259015565508652,362319,362813,0.9986384170357733
ethereum,3562,1,3562,3107592,72881396,0.042639029581705595,362320,362813,0.9986411732765915
ethereum,3584,1,3584,3111176,72881396,0.04268820536862384,362321,362813,0.9986439295174098
ethereum,3590,1,3590,3114766,72881396,0.042737463481078215,362322,362813,0.998646685758228
ethereum,3600,2,7200,3121966,72881396,0.042836254124440754,362324,362813,0.9986521982398646
ethereum,3618,1,3618,3125584,72881396,0.042885896422730434,362325,362813,0.9986549544806829
ethereum,3623,1,3623,3129207,72881396,0.042935607325633555,362326,362813,0.9986577107215011
ethereum,3645,1,3645,3132852,72881396,0.04298562008883584,362327,362813,0.9986604669623195
ethereum,3650,1,3650,3136502,72881396,0.04303570145665157,362328,362813,0.9986632232031377
ethereum,3658,1,3658,3140160,72881396,0.043085892591848814,362329,362813,0.998665979443956
ethereum,3662,1,3662,3143822,72881396,0.04313613861073682,362330,362813,0.9986687356847742
ethereum,3679,1,3679,3147501,72881396,0.04318661788531054,362331,362813,0.9986714919255926
ethereum,3690,1,3690,3151191,72881396,0.04323724809003384,362332,362813,0.9986742481664108
ethereum,3692,1,3692,3154883,72881396,0.043287905736602524,362333,362813,0.9986770044072291
ethereum,3693,1,3693,3158576,72881396,0.04333857710409389,362334,362813,0.9986797606480473
ethereum,3695,1,3695,3162271,72881396,0.043389275913430635,362335,362813,0.9986825168888657
ethereum,3713,2,7426,3169697,72881396,0.04349116748532095,362337,362813,0.9986880293705022
ethereum,3717,1,3717,3173414,72881396,0.04354216815495686,362338,362813,0.9986907856113204
ethereum,3726,1,3726,3177140,72881396,0.04359329231289697,362339,362813,0.9986935418521387
ethereum,3740,1,3740,3180880,72881396,0.04364460856375473,362340,362813,0.998696298092957
ethereum,3764,1,3764,3184644,72881396,0.04369625411675704,362341,362813,0.9986990543337753
ethereum,3771,2,7542,3192186,72881396,0.0437997373156793,362343,362813,0.9987045668154118
ethereum,3783,1,3783,3195969,72881396,0.0438516435662127,362344,362813,0.9987073230562301
ethereum,3794,1,3794,3199763,72881396,0.04390370074689568,362345,362813,0.9987100792970484
ethereum,3795,1,3795,3203558,72881396,0.043955771648501354,362346,362813,0.9987128355378666
ethereum,3796,1,3796,3207354,72881396,0.04400785627102972,362347,362813,0.9987155917786849
ethereum,3802,1,3802,3211156,72881396,0.04406002321909421,362348,362813,0.9987183480195032
ethereum,3806,1,3806,3214962,72881396,0.044112245050849465,362349,362813,0.9987211042603215
ethereum,3825,1,3825,3218787,72881396,0.044164727580135815,362350,362813,0.9987238605011397
ethereum,3827,1,3827,3222614,72881396,0.044217237551267545,362351,362813,0.998726616741958
ethereum,3837,1,3837,3226451,72881396,0.044269884731626165,362352,362813,0.9987293729827762
ethereum,3845,1,3845,3230296,72881396,0.044322641679366295,362353,362813,0.9987321292235946
ethereum,3856,1,3856,3234152,72881396,0.04437554955725601,362354,362813,0.9987348854644128
ethereum,3863,1,3863,3238015,72881396,0.04442855348160455,362355,362813,0.998737641705231
ethereum,3869,1,3869,3241884,72881396,0.04448163973148923,362356,362813,0.9987403979460493
ethereum,3870,1,3870,3245754,72881396,0.04453473970229659,362357,362813,0.9987431541868677
ethereum,3874,1,3874,3249628,72881396,0.04458789455679471,362358,362813,0.9987459104276859
ethereum,3884,1,3884,3253512,72881396,0.044641186620519725,362359,362813,0.9987486666685041
ethereum,3897,1,3897,3257409,72881396,0.0446946570562397,362360,362813,0.9987514229093224
ethereum,3910,2,7820,3265229,72881396,0.04480195467166957,362362,362813,0.998756935390959
ethereum,3928,1,3928,3269157,72881396,0.04485585045599291,362363,362813,0.9987596916317772
ethereum,3938,1,3938,3273095,72881396,0.04490988344954314,362364,362813,0.9987624478725955
ethereum,3946,1,3946,3277041,72881396,0.04496402621047489,362365,362813,0.9987652041134139
ethereum,3960,1,3960,3281001,72881396,0.04501836106432429,362366,362813,0.9987679603542321
ethereum,3969,1,3969,3284970,72881396,0.045072819406477886,362367,362813,0.9987707165950503
ethereum,3973,1,3973,3288943,72881396,0.04512733263232225,362368,362813,0.9987734728358686
ethereum,4000,1,4000,3292943,72881396,0.04518221632307921,362369,362813,0.9987762290766868
ethereum,4012,1,4012,3296955,72881396,0.04523726466490845,362370,362813,0.9987789853175052
ethereum,4021,1,4021,3300976,72881396,0.04529243649504189,362371,362813,0.9987817415583234
ethereum,4037,1,4037,3305013,72881396,0.04534782785993836,362372,362813,0.9987844977991417
ethereum,4055,1,4055,3309068,72881396,0.045403466201443234,362373,362813,0.9987872540399599
ethereum,4060,1,4060,3313128,72881396,0.04545917314756155,362374,362813,0.9987900102807783
ethereum,4065,1,4065,3317193,72881396,0.04551494869829332,362375,362813,0.9987927665215965
ethereum,4080,1,4080,3321273,72881396,0.045570930062865424,362376,362813,0.9987955227624148
ethereum,4090,1,4090,3325363,72881396,0.045627048636664426,362377,362813,0.998798279003233
ethereum,4100,1,4100,3329463,72881396,0.04568330441969031,362378,362813,0.9988010352440514
ethereum,4116,1,4116,3333579,72881396,0.04573977973747923,362379,362813,0.9988037914848696
ethereum,4128,1,4128,3337707,72881396,0.04579641970634042,362380,362813,0.9988065477256879
ethereum,4151,1,4151,3341858,72881396,0.04585337525642346,362381,362813,0.9988093039665061
ethereum,4180,1,4180,3346038,72881396,0.045910728713264494,362382,362813,0.9988120602073244
ethereum,4183,1,4183,3350221,72881396,0.04596812333287359,362383,362813,0.9988148164481427
ethereum,4185,1,4185,3354406,72881396,0.046025545394328064,362384,362813,0.998817572688961
ethereum,4208,1,4208,3358614,72881396,0.046083283037004395,362385,362813,0.9988203289297792
ethereum,4232,1,4232,3362846,72881396,0.046141349981825265,362386,362813,0.9988230851705975
ethereum,4241,1,4241,3367087,72881396,0.04619954041495034,362387,362813,0.9988258414114158
ethereum,4250,2,8500,3375587,72881396,0.04631616825780889,362389,362813,0.9988313538930523
ethereum,4267,1,4267,3379854,72881396,0.046374715434923885,362390,362813,0.9988341101338706
ethereum,4288,1,4288,3384142,72881396,0.04643355075141536,362391,362813,0.9988368663746889
ethereum,4297,1,4297,3388439,72881396,0.04649250955621102,362392,362813,0.9988396226155072
ethereum,4304,2,8608,3397047,72881396,0.04661061925872002,362394,362813,0.9988451350971437
ethereum,4311,1,4311,3401358,72881396,0.04666977015643334,362395,362813,0.998847891337962
ethereum,4351,1,4351,3405709,72881396,0.046729469891054226,362396,362813,0.9988506475787803
ethereum,4356,1,4356,3410065,72881396,0.04678923823028856,362397,362813,0.9988534038195985
ethereum,4370,1,4370,3414435,72881396,0.04684919866244055,362398,362813,0.9988561600604168
ethereum,4383,1,4383,3418818,72881396,0.04690933746658749,362399,362813,0.998858916301235
ethereum,4389,1,4389,3423207,72881396,0.046969558596270576,362400,362813,0.9988616725420534
ethereum,4412,1,4412,3427619,72881396,0.04703009530717551,362401,362813,0.9988644287828716
ethereum,4424,1,4424,3432043,72881396,0.04709079666915272,362402,362813,0.9988671850236899
ethereum,4458,1,4458,3436501,72881396,0.047151964542501354,362403,362813,0.9988699412645081
ethereum,4491,2,8982,3445483,72881396,0.04727520587009612,362405,362813,0.9988754537461447
ethereum,4500,1,4500,3449983,72881396,0.04733695002219771,362406,362813,0.998878209986963
ethereum,4506,1,4506,3454489,72881396,0.047398776499835434,362407,362813,0.9988809662277812
ethereum,4538,1,4538,3459027,72881396,0.04746104204699921,362408,362813,0.9988837224685996
ethereum,4546,1,4546,3463573,72881396,0.0475234173615445,362409,362813,0.9988864787094178
ethereum,4558,1,4558,3468131,72881396,0.047585957327162066,362410,362813,0.9988892349502361
ethereum,4570,2,9140,3477271,72881396,0.047711366560541736,362412,362813,0.9988947474318726
ethereum,4592,1,4592,3481863,72881396,0.04777437303753073,362413,362813,0.9988975036726909
ethereum,4605,1,4605,3486468,72881396,0.04783755788651469,362414,362813,0.9989002599135092
ethereum,4614,1,4614,3491082,72881396,0.04790086622380285,362415,362813,0.9989030161543274
ethereum,4616,2,9232,3500314,72881396,0.048027537782069925,362417,362813,0.998908528635964
ethereum,4638,1,4638,3504952,72881396,0.04809117542150263,362418,362813,0.9989112848767823
ethereum,4668,1,4668,3509620,72881396,0.04815522468861601,362419,362813,0.9989140411176005
ethereum,4679,1,4679,3514299,72881396,0.04821942488587897,362420,362813,0.9989167973584188
ethereum,4702,1,4702,3519001,72881396,0.048283940664363784,362421,362813,0.9989195535992371
ethereum,4717,1,4717,3523718,72881396,0.048348662256688935,362422,362813,0.9989223098400554
ethereum,4721,1,4721,3528439,72881396,0.048413438732704844,362423,362813,0.9989250660808736
ethereum,4740,1,4740,3533179,72881396,0.04847847590625185,362424,362813,0.9989278223216919
ethereum,4756,1,4756,3537935,72881396,0.04854373261456189,362425,362813,0.9989305785625102
ethereum,4768,1,4768,3542703,72881396,0.048609153973944184,362426,362813,0.9989333348033285
ethereum,4792,1,4792,3547495,72881396,0.048674904635471035,362427,362813,0.9989360910441467
ethereum,4823,1,4823,3552318,72881396,0.048741080645601245,362428,362813,0.998938847284965
ethereum,4841,1,4841,3557159,72881396,0.04880750363233986,362429,362813,0.9989416035257832
ethereum,4860,1,4860,3562019,72881396,0.04887418731660958,362430,362813,0.9989443597666016
ethereum,4880,1,4880,3566899,72881396,0.048941145419333074,362431,362813,0.9989471160074198
ethereum,4886,1,4886,3571785,72881396,0.049008185847592714,362432,362813,0.9989498722482381
ethereum,4920,1,4920,3576705,72881396,0.049075692787223776,362433,362813,0.9989526284890563
ethereum,4946,1,4946,3581651,72881396,0.04914355647084477,362434,362813,0.9989553847298747
ethereum,4960,1,4960,3586611,72881396,0.04921161224738341,362435,362813,0.9989581409706929
ethereum,5000,4,20000,3606611,72881396,0.049486030701168235,362439,362813,0.998969165933966
ethereum,5001,1,5001,3611612,72881396,0.049554649035537135,362440,362813,0.9989719221747843
ethereum,5025,1,5025,3616637,72881396,0.049623596672050574,362441,362813,0.9989746784156025
ethereum,5037,1,5037,3621674,72881396,0.04969270895963628,362442,362813,0.9989774346564207
ethereum,5092,1,5092,3626766,72881396,0.0497625758979699,362443,362813,0.9989801908972391
ethereum,5102,2,10204,3636970,72881396,0.049902584193090925,362445,362813,0.9989857033788756
ethereum,5128,1,5128,3642098,72881396,0.049972945084641354,362446,362813,0.9989884596196938
ethereum,5131,1,5131,3647229,72881396,0.05004334713895985,362447,362813,0.9989912158605122
ethereum,5136,1,5136,3652365,72881396,0.0501138177978918,362448,362813,0.9989939721013305
ethereum,5153,1,5153,3657518,72881396,0.05018452171250946,362449,362813,0.9989967283421487
ethereum,5156,1,5156,3662674,72881396,0.05025526678989519,362450,362813,0.998999484582967
ethereum,5166,1,5166,3667840,72881396,0.05032614907650781,362451,362813,0.9990022408237853
ethereum,5210,1,5210,3673050,72881396,0.05039763508371876,362452,362813,0.9990049970646036
ethereum,5226,1,5226,3678276,72881396,0.050469340625692735,362453,362813,0.9990077533054218
ethereum,5310,1,5310,3683586,72881396,0.050542198725172606,362454,362813,0.99901050954624
ethereum,5326,1,5326,3688912,72881396,0.050615276359415505,362455,362813,0.9990132657870584
ethereum,5350,1,5350,3694262,72881396,0.05068868329580295,362456,362813,0.9990160220278766
ethereum,5379,1,5379,3699641,72881396,0.05076248813894838,362457,362813,0.9990187782686949
ethereum,5476,1,5476,3705117,72881396,0.050837623911594666,362458,362813,0.9990215345095131
ethereum,5499,1,5499,3710616,72881396,0.05091307526546281,362459,362813,0.9990242907503314
ethereum,5512,1,5512,3716128,72881396,0.050988704991325906,362460,362813,0.9990270469911497
ethereum,5552,1,5552,3721680,72881396,0.05106488355409658,362461,362813,0.999029803231968
ethereum,5555,1,5555,3727235,72881396,0.051141103279635315,362462,362813,0.9990325594727862
ethereum,5561,1,5561,3732796,72881396,0.05121740533071019,362463,362813,0.9990353157136045
ethereum,5671,2,11342,3744138,72881396,0.051373028035851566,362465,362813,0.9990408281952411
ethereum,5758,1,5758,3749896,72881396,0.05145203310869622,362466,362813,0.9990435844360593
ethereum,5768,1,5768,3755664,72881396,0.051531175390767764,362467,362813,0.9990463406768776
ethereum,5969,1,5969,3761633,72881396,0.05161307557829985,362468,362813,0.999049096917696
ethereum,5973,1,5973,3767606,72881396,0.05169503064952268,362469,362813,0.9990518531585142
ethereum,5988,1,5988,3773594,72881396,0.05177719153458586,362470,362813,0.9990546093993324
ethereum,6004,1,6004,3779598,72881396,0.05185957195441207,362471,362813,0.9990573656401507
ethereum,6036,1,6036,3785634,72881396,0.051942391443764335,362472,362813,0.9990601218809689
ethereum,6047,1,6047,3791681,72881396,0.05202536186326617,362473,362813,0.9990628781217873
ethereum,6083,1,6083,3797764,72881396,0.05210882623598483,362474,362813,0.9990656343626055
ethereum,6127,1,6127,3803891,72881396,0.05219289432930182,362475,362813,0.9990683906034238
ethereum,6140,1,6140,3810031,72881396,0.052277140794613756,362476,362813,0.999071146844242
ethereum,6141,1,6141,3816172,72881396,0.05236140098084839,362477,362813,0.9990739030850604
ethereum,6150,1,6150,3822322,72881396,0.052445784655387226,362478,362813,0.9990766593258786
ethereum,6155,1,6155,3828477,72881396,0.05253023693453951,362479,362813,0.9990794155666969
ethereum,6236,1,6236,3834713,72881396,0.052615800608429616,362480,362813,0.9990821718075151
ethereum,6280,1,6280,3840993,72881396,0.052701968002918056,362481,362813,0.9990849280483335
ethereum,6286,1,6286,3847279,72881396,0.05278821772294263,362482,362813,0.9990876842891517
ethereum,6299,1,6299,3853578,72881396,0.05287464581496216,362483,362813,0.99909044052997
ethereum,6300,1,6300,3859878,72881396,0.052961087627904385,362484,362813,0.9990931967707882
ethereum,6431,1,6431,3866309,72881396,0.05304932688171889,362485,362813,0.9990959530116065
ethereum,6432,1,6432,3872741,72881396,0.0531375798564561,362486,362813,0.9990987092524248
ethereum,6601,1,6601,3879342,72881396,0.05322815166712778,362487,362813,0.9991014654932431
ethereum,6678,1,6678,3886020,72881396,0.05331977998884654,362488,362813,0.9991042217340613
ethereum,6760,1,6760,3892780,72881396,0.05341253342622581,362489,362813,0.9991069779748796
ethereum,6799,1,6799,3899579,72881396,0.05350582197958996,362490,362813,0.9991097342156979
ethereum,6834,1,6834,3906413,72881396,0.05359959076524824,362491,362813,0.9991124904565162
ethereum,6853,1,6853,3913266,72881396,0.053693620248437615,362492,362813,0.9991152466973344
ethereum,6924,1,6924,3920190,72881396,0.05378862391713792,362493,362813,0.9991180029381527
ethereum,6943,1,6943,3927133,72881396,0.053883888283369326,362494,362813,0.999120759178971
ethereum,7022,1,7022,3934155,72881396,0.05398023660249318,362495,362813,0.9991235154197893
ethereum,7090,1,7090,3941245,72881396,0.0540775179443599,362496,362813,0.9991262716606075
ethereum,7101,1,7101,3948346,72881396,0.05417495021637621,362497,362813,0.9991290279014258
ethereum,7141,1,7141,3955487,72881396,0.05427293132530008,362498,362813,0.9991317841422441
ethereum,7201,1,7201,3962688,72881396,0.05437173568958531,362499,362813,0.9991345403830624
ethereum,7204,1,7204,3969892,72881396,0.05447058121663861,362500,362813,0.9991372966238806
ethereum,7219,1,7219,3977111,72881396,0.05456963255753224,362501,362813,0.9991400528646989
ethereum,7250,1,7250,3984361,72881396,0.054669109247029245,362502,362813,0.9991428091055171
ethereum,7256,1,7256,3991617,72881396,0.05476866826206238,362503,362813,0.9991455653463355
ethereum,7311,1,7311,3998928,72881396,0.054868981927843424,362504,362813,0.9991483215871537
ethereum,7321,1,7321,4006249,72881396,0.05496943280285136,362505,362813,0.999151077827972
ethereum,7354,1,7354,4013603,72881396,0.05507033646830804,362506,362813,0.9991538340687902
ethereum,7413,1,7413,4021016,72881396,0.05517204966820339,362507,362813,0.9991565903096086
ethereum,7421,1,7421,4028437,72881396,0.05527387263548025,362508,362813,0.9991593465504268
ethereum,7424,1,7424,4035861,72881396,0.05537573676552518,362509,362813,0.9991621027912451
ethereum,7427,1,7427,4043288,72881396,0.05547764205833818,362510,362813,0.9991648590320633
ethereum,7436,1,7436,4050724,72881396,0.05557967083945538,362511,362813,0.9991676152728817
ethereum,7454,1,7454,4058178,72881396,0.05568194659718099,362512,362813,0.9991703715136999
ethereum,7473,1,7473,4065651,72881396,0.05578448305243769,362513,362813,0.9991731277545182
ethereum,7505,1,7505,4073156,72881396,0.055887458577220446,362514,362813,0.9991758839953364
ethereum,7563,1,7563,4080719,72881396,0.055991229915519185,362515,362813,0.9991786402361547
ethereum,7585,1,7585,4088304,72881396,0.056095303114117076,362516,362813,0.999181396476973
ethereum,7646,1,7646,4095950,72881396,0.05620021328899902,362517,362813,0.9991841527177913
ethereum,7682,1,7682,4103632,72881396,0.056305617417097775,362518,362813,0.9991869089586095
ethereum,7734,1,7734,4111366,72881396,0.05641173503317637,362519,362813,0.9991896651994278
ethereum,7744,1,7744,4119110,72881396,0.05651798985848185,362520,362813,0.9991924214402461
ethereum,7800,1,7800,4126910,72881396,0.05662501305545794,362521,362813,0.9991951776810644
ethereum,7823,1,7823,4134733,72881396,0.056732351833655874,362522,362813,0.9991979339218826
ethereum,7830,1,7830,4142563,72881396,0.05683978665831264,362523,362813,0.9992006901627009
ethereum,8074,1,8074,4150637,72881396,0.056950569388105575,362524,362813,0.9992034464035192
ethereum,8102,1,8102,4158739,72881396,0.05706173630373381,362525,362813,0.9992062026443375
ethereum,8223,1,8223,4166962,72881396,0.057174563451007444,362526,362813,0.9992089588851557
ethereum,8254,1,8254,4175216,72881396,0.057287815946884445,362527,362813,0.999211715125974
ethereum,8381,1,8381,4183597,72881396,0.057402810999942974,362528,362813,0.9992144713667923
ethereum,8405,1,8405,4192002,72881396,0.05751813535514605,362529,362813,0.9992172276076106
ethereum,8476,1,8476,4200478,72881396,0.057634433895860065,362530,362813,0.9992199838484288
ethereum,8500,1,8500,4208978,72881396,0.05775106173871861,362531,362813,0.999222740089247
ethereum,8540,1,8540,4217518,72881396,0.05786823841848474,362532,362813,0.9992254963300653
ethereum,8545,1,8545,4226063,72881396,0.057985483702864306,362533,362813,0.9992282525708837
ethereum,8567,1,8567,4234630,72881396,0.05810303084754304,362534,362813,0.9992310088117019
ethereum,8600,1,8600,4243230,72881396,0.05822103078267052,362535,362813,0.9992337650525202
ethereum,8700,1,8700,4251930,72881396,0.05834040281006692,362536,362813,0.9992365212933384
ethereum,8705,1,8705,4260635,72881396,0.05845984344207677,362537,362813,0.9992392775341568
ethereum,8800,1,8800,4269435,72881396,0.058580587561742094,362538,362813,0.999242033774975
ethereum,8896,1,8896,4278331,72881396,0.05870264888998559,362539,362813,0.9992447900157932
ethereum,8921,1,8921,4287252,72881396,0.05882505324129631,362540,362813,0.9992475462566115
ethereum,8996,1,8996,4296248,72881396,0.05894848666180873,362541,362813,0.9992503024974299
ethereum,9075,1,9075,4305323,72881396,0.059073004035213594,362542,362813,0.9992530587382481
ethereum,9117,1,9117,4314440,72881396,0.05919809768737141,362543,362813,0.9992558149790663
ethereum,9129,1,9129,4323569,72881396,0.0593233559906015,362544,362813,0.9992585712198846
ethereum,9250,1,9250,4332819,72881396,0.05945027452547698,362545,362813,0.9992613274607028
ethereum,9344,1,9344,4342163,72881396,0.059578482827085257,362546,362813,0.9992640837015212
ethereum,9364,1,9364,4351527,72881396,0.059706965547147314,362547,362813,0.9992668399423394
ethereum,9391,1,9391,4360918,72881396,0.05983581873212198,362548,362813,0.9992695961831577
ethereum,9416,1,9416,4370334,72881396,0.05996501494016388,362549,362813,0.9992723524239759
ethereum,9643,1,9643,4379977,72881396,0.06009732579765623,362550,362813,0.9992751086647943
ethereum,9693,1,9693,4389670,72881396,0.060230322701283055,362551,362813,0.9992778649056125
ethereum,9734,1,9734,4399404,72881396,0.060363882162740135,362552,362813,0.9992806211464308
ethereum,9745,1,9745,4409149,72881396,0.060497592554346794,362553,362813,0.999283377387249
ethereum,9770,1,9770,4418919,72881396,0.06063164596902068,362554,362813,0.9992861336280674
ethereum,9800,1,9800,4428719,72881396,0.060766111011375246,362555,362813,0.9992888898688856
ethereum,9802,1,9802,4438521,72881396,0.0609006034955752,362556,362813,0.9992916461097039
ethereum,9838,1,9838,4448359,72881396,0.061035589932991956,362557,362813,0.9992944023505221
ethereum,9926,1,9926,4458285,72881396,0.06117178381160537,362558,362813,0.9992971585913405
ethereum,9993,1,9993,4468278,72881396,0.06130889699203895,362559,362813,0.9992999148321587
ethereum,10000,1,10000,4478278,72881396,0.06144610621893137,362560,362813,0.999302671072977
ethereum,10007,1,10007,4488285,72881396,0.061583411492282615,362561,362813,0.9993054273137952
ethereum,10017,1,10017,4498302,72881396,0.06172085397486075,362562,362813,0.9993081835546135
ethereum,10029,1,10029,4508331,72881396,0.06185846110851115,362563,362813,0.9993109397954318
ethereum,10053,1,10053,4518384,72881396,0.061996397544306095,362564,362813,0.9993136960362501
ethereum,10100,1,10100,4528484,72881396,0.06213497886346744,362565,362813,0.9993164522770683
ethereum,10109,1,10109,4538593,72881396,0.06227368367093298,362566,362813,0.9993192085178866
ethereum,10176,1,10176,4548769,72881396,0.062413307780218696,362567,362813,0.9993219647587049
ethereum,10225,1,10225,4558994,72881396,0.06255360421471619,362568,362813,0.9993247209995232
ethereum,10231,1,10231,4569225,72881396,0.06269398297474983,362569,362813,0.9993274772403414
ethereum,10258,1,10258,4579483,72881396,0.06283473219969607,362570,362813,0.9993302334811597
ethereum,10300,1,10300,4589783,72881396,0.06297605770339525,362571,362813,0.999332989721978
ethereum,10368,1,10368,4600151,72881396,0.06311831622983731,362572,362813,0.9993357459627963
ethereum,10456,1,10456,4610607,72881396,0.06326178219747602,362573,362813,0.9993385022036145
ethereum,10500,1,10500,4621107,72881396,0.06340585188571306,362574,362813,0.9993412584444328
ethereum,10583,1,10583,4631690,72881396,0.0635510604105333,362575,362813,0.999344014685251
ethereum,10616,1,10616,4642306,72881396,0.06369672172580229,362576,362813,0.9993467709260694
ethereum,10636,1,10636,4652942,72881396,0.06384265745952507,362577,362813,0.9993495271668876
ethereum,10690,1,10690,4663632,72881396,0.06398933412307306,362578,362813,0.9993522834077059
ethereum,10697,1,10697,4674329,72881396,0.06413610683307987,362579,362813,0.9993550396485241
ethereum,10713,1,10713,4685042,72881396,0.06428309907784972,362580,362813,0.9993577958893425
ethereum,10722,1,10722,4695764,72881396,0.06443021481092376,362581,362813,0.9993605521301607
ethereum,10804,1,10804,4706568,72881396,0.06457845565965833,362582,362813,0.999363308370979
ethereum,10996,1,10996,4717564,72881396,0.06472933092554924,362583,362813,0.9993660646117972
ethereum,11076,1,11076,4728640,72881396,0.06488130386525527,362584,362813,0.9993688208526156
ethereum,11097,1,11097,4739737,72881396,0.06503356494433779,362585,362813,0.9993715770934338
ethereum,11600,1,11600,4751337,72881396,0.06519272764753299,362586,362813,0.9993743333342521
ethereum,11630,1,11630,4762967,72881396,0.06535230197840887,362587,362813,0.9993770895750703
ethereum,11850,1,11850,4774817,72881396,0.06551489491227638,362588,362813,0.9993798458158887
ethereum,11900,1,11900,4786717,72881396,0.06567817389227835,362589,362813,0.9993826020567069
ethereum,11914,1,11914,4798631,72881396,0.06584164496519798,362590,362813,0.9993853582975252
ethereum,11950,1,11950,4810581,72881396,0.06600560999133441,362591,362813,0.9993881145383434
ethereum,12164,1,12164,4822745,72881396,0.06617251129492635,362592,362813,0.9993908707791617
ethereum,12190,1,12190,4834935,72881396,0.06633976934250821,362593,362813,0.99939362701998
ethereum,12262,1,12262,4847197,72881396,0.06650801529652368,362594,362813,0.9993963832607983
ethereum,12446,1,12446,4859643,72881396,0.06667878590031398,362595,362813,0.9993991395016165
ethereum,12583,1,12583,4872226,72881396,0.06685143627051271,362596,362813,0.9994018957424348
ethereum,12700,1,12700,4884926,72881396,0.06702569198866608,362597,362813,0.9994046519832531
ethereum,12706,1,12706,4897632,72881396,0.06720003003235558,362598,362813,0.9994074082240714
ethereum,12775,1,12775,4910407,72881396,0.06737531481971064,362599,362813,0.9994101644648896
ethereum,12778,1,12778,4923185,72881396,0.06755064076983378,362600,362813,0.9994129207057079
ethereum,12851,1,12851,4936036,72881396,0.06772696834731322,362601,362813,0.9994156769465262
ethereum,12880,1,12880,4948916,72881396,0.06790369383155065,362602,362813,0.9994184331873445
ethereum,13131,1,13131,4962047,72881396,0.06808386326738308,362603,362813,0.9994211894281627
ethereum,13179,1,13179,4975226,72881396,0.0682646913075046,362604,362813,0.999423945668981
ethereum,13300,1,13300,4988526,72881396,0.0684471795792715,362605,362813,0.9994267019097992
ethereum,13383,1,13383,5001909,72881396,0.06863080668762163,362606,362813,0.9994294581506176
ethereum,13398,1,13398,5015307,72881396,0.06881463960981209,362607,362813,0.9994322143914358
ethereum,13452,1,13452,5028759,72881396,0.06899921346182776,362608,362813,0.9994349706322541
ethereum,13572,1,13572,5042331,72881396,0.06918543382456614,362609,362813,0.9994377268730723
ethereum,13624,1,13624,5055955,72881396,0.06937236767528437,362610,362813,0.9994404831138907
ethereum,13815,1,13815,5069770,72881396,0.06956192222223624,362611,362813,0.9994432393547089
ethereum,13924,1,13924,5083694,72881396,0.06975297234976124,362612,362813,0.9994459955955272
ethereum,14040,1,14040,5097734,72881396,0.0699456141043182,362613,362813,0.9994487518363454
ethereum,14064,1,14064,5111798,72881396,0.07013858516101969,362614,362813,0.9994515080771638
ethereum,14658,1,14658,5126456,72881396,0.0703397064457986,362615,362813,0.999454264317982
ethereum,14789,1,14789,5141245,72881396,0.07054262517144978,362616,362813,0.9994570205588003
ethereum,14803,1,14803,5156048,72881396,0.07074573599001863,362617,362813,0.9994597767996185
ethereum,14931,1,14931,5170979,72881396,0.0709506030866917,362618,362813,0.9994625330404369
ethereum,15010,1,15010,5185989,72881396,0.07115655413625721,362619,362813,0.9994652892812551
ethereum,15143,1,15143,5201132,72881396,0.0713643300685404,362620,362813,0.9994680455220734
ethereum,15173,1,15173,5216305,72881396,0.07157251762850426,362621,362813,0.9994708017628916
ethereum,16179,1,16179,5232484,72881396,0.07179450843669351,362622,362813,0.9994735580037098
ethereum,16410,1,16410,5248894,72881396,0.07201966877802396,362623,362813,0.9994763142445282
ethereum,16726,1,16726,5265620,72881396,0.0722491649309242,362624,362813,0.9994790704853465
ethereum,16918,1,16918,5282538,72881396,0.0724812955009808,362625,362813,0.9994818267261647
ethereum,17000,1,17000,5299538,72881396,0.07271455118669791,362626,362813,0.999484582966983
ethereum,17129,1,17129,5316667,72881396,0.07294957687144192,362627,362813,0.9994873392078013
ethereum,17228,1,17228,5333895,72881396,0.07318596092753218,362628,362813,0.9994900954486196
ethereum,17307,1,17307,5351202,72881396,0.07342342893651488,362629,362813,0.9994928516894378
ethereum,17348,1,17348,5368550,72881396,0.07366145950332785,362630,362813,0.999495607930256
ethereum,17400,1,17400,5385950,72881396,0.07390020355812064,362631,362813,0.9994983641710744
ethereum,17652,1,17652,5403602,72881396,0.07414240528543115,362632,362813,0.9995011204118927
ethereum,18025,1,18025,5421627,72881396,0.07438972491690472,362633,362813,0.9995038766527109
ethereum,18185,1,18185,5439812,72881396,0.07463923989600858,362634,362813,0.9995066328935291
ethereum,18411,1,18411,5458223,72881396,0.0748918558036402,362635,362813,0.9995093891343474
ethereum,18466,1,18466,5476689,72881396,0.07514522636201974,362636,362813,0.9995121453751658
ethereum,18576,1,18576,5495265,72881396,0.0754001062218951,362637,362813,0.999514901615984
ethereum,18608,1,18608,5513873,72881396,0.0756554251512965,362638,362813,0.9995176578568022
ethereum,18650,1,18650,5532523,72881396,0.07591132035945085,362639,362813,0.9995204140976205
ethereum,18784,1,18784,5551307,72881396,0.07616905417124557,362640,362813,0.9995231703384388
ethereum,18831,1,18831,5570138,72881396,0.07642743286640667,362641,362813,0.9995259265792571
ethereum,19073,1,19073,5589211,72881396,0.07668913202485858,362642,362813,0.9995286828200753
ethereum,19130,1,19130,5608341,72881396,0.07695161327590377,362643,362813,0.9995314390608936
ethereum,19229,1,19229,5627570,72881396,0.07721545289829519,362644,362813,0.999534195301712
ethereum,19259,1,19259,5646829,72881396,0.0774797041483673,362645,362813,0.9995369515425302
ethereum,19828,1,19828,5666657,72881396,0.07775176260344958,362646,362813,0.9995397077833484
ethereum,19858,1,19858,5686515,72881396,0.07802423268621254,362647,362813,0.9995424640241667
ethereum,19881,1,19881,5706396,72881396,0.07829701835019735,362648,362813,0.999545220264985
ethereum,20240,1,20240,5726636,72881396,0.0785747298254276,362649,362813,0.9995479765058033
ethereum,20257,1,20257,5746893,72881396,0.07885267455634357,362650,362813,0.9995507327466215
ethereum,20581,1,20581,5767474,72881396,0.07913506486621084,362651,362813,0.9995534889874398
ethereum,20730,1,20730,5788204,72881396,0.07941949959355883,362652,362813,0.999556245228258
ethereum,20981,1,20981,5809185,72881396,0.07970737827250181,362653,362813,0.9995590014690764
ethereum,21591,1,21591,5830776,72881396,0.08000362671428522,362654,362813,0.9995617577098946
ethereum,21677,1,21677,5852453,72881396,0.08030105515541991,362655,362813,0.9995645139507129
ethereum,22000,1,22000,5874453,72881396,0.08060291545458323,362656,362813,0.9995672701915311
ethereum,22375,1,22375,5896828,72881396,0.080909921099755,362657,362813,0.9995700264323495
ethereum,22418,1,22418,5919246,72881396,0.08121751674460242,362658,362813,0.9995727826731677
ethereum,22560,1,22560,5941806,72881396,0.08152706076047171,362659,362813,0.999575538913986
ethereum,22600,1,22600,5964406,72881396,0.08183715361324857,362660,362813,0.9995782951548042
ethereum,22685,1,22685,5987091,72881396,0.08214841274445402,362661,362813,0.9995810513956226
ethereum,22756,1,22756,6009847,72881396,0.0824606460611704,362662,362813,0.9995838076364408
ethereum,22925,1,22925,6032772,72881396,0.08277519821382126,362663,362813,0.9995865638772591
ethereum,22932,1,22932,6055704,72881396,0.08308984641293095,362664,362813,0.9995893201180773
ethereum,23175,1,23175,6078879,72881396,0.08340782879625412,362665,362813,0.9995920763588956
ethereum,23183,1,23183,6102062,72881396,0.08372592094695881,362666,362813,0.9995948325997139
ethereum,23465,1,23465,6125527,72881396,0.08404788239786186,362667,362813,0.9995975888405322
ethereum,24410,1,24410,6149937,72881396,0.08438281012070625,362668,362813,0.9996003450813504
ethereum,24467,1,24467,6174404,72881396,0.08471851993614392,362669,362813,0.9996031013221687
ethereum,24745,1,24745,6199149,72881396,0.08505804416808921,362670,362813,0.999605857562987
ethereum,25151,1,25151,6224300,72881396,0.08540313909464632,362671,362813,0.9996086138038053
ethereum,26397,1,26397,6250697,72881396,0.08576533029087423,362672,362813,0.9996113700446235
ethereum,27020,1,27020,6277717,72881396,0.08613606962193754,362673,362813,0.9996141262854418
ethereum,27629,1,27629,6305346,72881396,0.0865151649949186,362674,362813,0.9996168825262601
ethereum,27748,1,27748,6333094,72881396,0.08689589315769967,362675,362813,0.9996196387670784
ethereum,27875,1,27875,6360969,72881396,0.08727836387766227,362676,362813,0.9996223950078966
ethereum,28548,1,28548,6389517,72881396,0.08767006877859475,362677,362813,0.9996251512487149
ethereum,28821,1,28821,6418338,72881396,0.08806551949142137,362678,362813,0.9996279074895332
ethereum,29054,1,29054,6447392,72881396,0.0884641671792346,362679,362813,0.9996306637303515
ethereum,29500,1,29500,6476892,72881396,0.08886893439856723,362680,362813,0.9996334199711697
ethereum,29581,1,29581,6506473,72881396,0.08927481301263768,362681,362813,0.999636176211988
ethereum,29600,1,29600,6536073,72881396,0.08968095232423923,362682,362813,0.9996389324528062
ethereum,30335,1,30335,6566408,72881396,0.09009717651401737,362683,362813,0.9996416886936246
ethereum,30371,1,30371,6596779,72881396,0.09051389465701233,362684,362813,0.9996444449344428
ethereum,30476,1,30476,6627255,72881396,0.09093205349688965,362685,362813,0.9996472011752611
ethereum,30500,2,61000,6688255,72881396,0.09176902978093339,362687,362813,0.9996527136568977
ethereum,31177,1,31177,6719432,72881396,0.09219680698761588,362688,362813,0.9996554698977159
ethereum,31364,1,31364,6750796,72881396,0.09262715000684126,362689,362813,0.9996582261385342
ethereum,31672,1,31672,6782468,72881396,0.09306171907025491,362690,362813,0.9996609823793524
ethereum,31953,1,31953,6814421,72881396,0.09350014371294425,362691,362813,0.9996637386201708
ethereum,32450,1,32450,6846871,72881396,0.09394538765421014,362692,362813,0.999666494860989
ethereum,32460,1,32460,6879331,72881396,0.09439076880470292,362693,362813,0.9996692511018073
ethereum,32531,1,32531,6911862,72881396,0.09483712414070664,362694,362813,0.9996720073426255
ethereum,32912,1,32912,6944774,72881396,0.09528870714825495,362695,362813,0.9996747635834438
ethereum,33014,1,33014,6977788,72881396,0.09574168968991757,362696,362813,0.9996775198242621
ethereum,33690,1,33690,7011478,72881396,0.09620394757531812,362697,362813,0.9996802760650804
ethereum,33708,1,33708,7045186,72881396,0.09666645243732708,362698,362813,0.9996830323058986
ethereum,33765,1,33765,7078951,72881396,0.09712973939192932,362699,362813,0.9996857885467169
ethereum,34183,1,34183,7113134,72881396,0.09759876169221567,362700,362813,0.9996885447875352
ethereum,34383,1,34383,7147517,72881396,0.09807052817703986,362701,362813,0.9996913010283535
ethereum,34403,1,34403,7181920,72881396,0.09854256908031783,362702,362813,0.9996940572691717
ethereum,34928,1,34928,7216848,72881396,0.09902181346800766,362703,362813,0.99969681350999
ethereum,35529,1,35529,7252377,72881396,0.09950930413023373,362704,362813,0.9996995697508083
ethereum,37444,1,37444,7289821,72881396,0.10002307035940969,362705,362813,0.9997023259916266
ethereum,37711,1,37711,7327532,72881396,0.10054050007494368,362706,362813,0.9997050822324448
ethereum,38318,1,38318,7365850,72881396,0.10106625839055004,362707,362813,0.999707838473263
ethereum,38475,1,38475,7404325,72881396,0.1015941708910186,362708,362813,0.9997105947140814
ethereum,39505,1,39505,7443830,72881396,0.1021362159418571,362709,362813,0.9997133509548997
ethereum,39725,1,39725,7483555,72881396,0.10268127959568722,362710,362813,0.9997161071957179
ethereum,43468,1,43468,7527023,72881396,0.10327770066314317,362711,362813,0.9997188634365362
ethereum,43954,1,43954,7570977,72881396,0.1038807900990261,362712,362813,0.9997216196773544
ethereum,44352,1,44352,7615329,72881396,0.10448934046213934,362713,362813,0.9997243759181728
ethereum,45165,1,45165,7660494,72881396,0.10510904593539894,362714,362813,0.999727132158991
ethereum,46546,1,46546,7707040,72881396,0.10574770000289237,362715,362813,0.9997298883998093
ethereum,46673,1,46673,7753713,72881396,0.10638809662756735,362716,362813,0.9997326446406275
ethereum,46700,1,46700,7800413,72881396,0.10702886371715492,362717,362813,0.9997354008814459
ethereum,48252,1,48252,7848665,72881396,0.10769092567875621,362718,362813,0.9997381571222641
ethereum,48647,1,48647,7897312,72881396,0.10835840740481974,362719,362813,0.9997409133630824
ethereum,49560,1,49560,7946872,72881396,0.10903841633329855,362720,362813,0.9997436696039006
ethereum,51072,1,51072,7997944,72881396,0.1097391712968835,362721,362813,0.999746425844719
ethereum,51305,1,51305,8049249,72881396,0.11044312323545503,362722,362813,0.9997491820855372
ethereum,51456,1,51456,8100705,72881396,0.11114914703335266,362723,362813,0.9997519383263554
ethereum,54000,1,54000,8154705,72881396,0.1118900768585717,362724,362813,0.9997546945671737
ethereum,55449,1,55449,8210154,72881396,0.11265088830076746,362725,362813,0.9997574508079919
ethereum,56296,1,56296,8266450,72881396,0.113423321364481,362726,362813,0.9997602070488103
ethereum,58113,1,58113,8324563,72881396,0.1142206853447209,362727,362813,0.9997629632896285
ethereum,58143,1,58143,8382706,72881396,0.11501846095264147,362728,362813,0.9997657195304468
ethereum,58152,2,116304,8499010,72881396,0.11661425914509102,362730,362813,0.9997712320120834
ethereum,58182,2,116364,8615374,72881396,0.11821088059290193,362732,362813,0.9997767444937199
ethereum,60001,1,60001,8675375,72881396,0.11903414967517911,362733,362813,0.9997795007345381
ethereum,64308,1,64308,8739683,72881396,0.11991651477147885,362734,362813,0.9997822569753565
ethereum,66400,1,66400,8806083,72881396,0.1208275840380445,362735,362813,0.9997850132161747
ethereum,66961,1,66961,8873044,72881396,0.1217463507422388,362736,362813,0.999787769456993
ethereum,67089,1,67089,8940133,72881396,0.12266687372453733,362737,362813,0.9997905256978112
ethereum,68400,1,68400,9008533,72881396,0.12360538483648145,362738,362813,0.9997932819386296
ethereum,70002,1,70002,9078535,72881396,0.12456587686657374,362739,362813,0.9997960381794478
ethereum,70801,1,70801,9149336,72881396,0.12553733191389474,362740,362813,0.9997987944202661
ethereum,73839,1,73839,9223175,72881396,0.12655047112434564,362741,362813,0.9998015506610843
ethereum,79335,1,79335,9302510,72881396,0.12763902052589662,362742,362813,0.9998043069019026
ethereum,80172,1,80172,9382682,72881396,0.1287390543397385,362743,362813,0.9998070631427209
ethereum,84653,1,84653,9467335,72881396,0.12990057160815086,362744,362813,0.9998098193835392
ethereum,86303,1,86303,9553638,72881396,0.13108472839900048,362745,362813,0.9998125756243574
ethereum,87158,1,87158,9640796,72881396,0.1322806165787494,362746,362813,0.9998153318651757
ethereum,87505,1,87505,9728301,72881396,0.1334812659186715,362747,362813,0.999818088105994
ethereum,88015,1,88015,9816316,72881396,0.13468891292916507,362748,362813,0.9998208443468123
ethereum,90688,1,90688,9907004,72881396,0.135933235966007,362749,362813,0.9998236005876305
ethereum,92862,1,92862,9999866,72881396,0.13720738828877538,362750,362813,0.9998263568284488
ethereum,100000,1,100000,10099866,72881396,0.13857948055769953,362751,362813,0.9998291130692671
ethereum,101232,1,101232,10201098,72881396,0.13996847700337683,362752,362813,0.9998318693100854
ethereum,102223,1,102223,10303321,72881396,0.14137107088343917,362753,362813,0.9998346255509036
ethereum,102400,1,102400,10405721,72881396,0.1427760933668175,362754,362813,0.9998373817917219
ethereum,103378,1,103378,10509099,72881396,0.1441945349125859,362755,362813,0.9998401380325401
ethereum,103510,1,103510,10612609,72881396,0.14561478762014932,362756,362813,0.9998428942733585
ethereum,104138,1,104138,10716747,72881396,0.14704365706716155,362757,362813,0.9998456505141767
ethereum,107431,1,107431,10824178,72881396,0.14851770951258947,362758,362813,0.999848406754995
ethereum,107648,1,107648,10931826,72881396,0.14999473939824096,362759,362813,0.9998511629958132
ethereum,112986,1,112986,11044812,72881396,0.1515450115692076,362760,362813,0.9998539192366316
ethereum,114686,1,114686,11159498,72881396,0.15311860930874596,362761,362813,0.9998566754774498
ethereum,115122,1,115122,11274620,72881396,0.15469818937057683,362762,362813,0.9998594317182681
ethereum,117900,1,117900,11392520,72881396,0.1563158861556384,362763,362813,0.9998621879590863
ethereum,118725,1,118725,11511245,72881396,0.1579449027019186,362764,362813,0.9998649441999047
ethereum,119448,1,119448,11630693,72881396,0.15958383947530314,362765,362813,0.9998677004407229
ethereum,121592,1,121592,11752285,72881396,0.1612521939069334,362766,362813,0.9998704566815412
ethereum,122920,1,122920,11875205,72881396,0.16293876972389498,362767,362813,0.9998732129223594
ethereum,125312,1,125312,12000517,72881396,0.1646581659879292,362768,362813,0.9998759691631778
ethereum,126106,1,126106,12126623,72881396,0.16638845666457872,362769,362813,0.999878725403996
ethereum,136584,1,136584,12263207,72881396,0.16826251516916607,362770,362813,0.9998814816448143
ethereum,142580,1,142580,12405787,72881396,0.17021884432619813,362771,362813,0.9998842378856325
ethereum,150888,1,150888,12556675,72881396,0.17228916690893242,362772,362813,0.9998869941264508
ethereum,183711,1,183711,12740386,72881396,0.17480985133709567,362773,362813,0.9998897503672691
ethereum,193532,1,193532,12933918,72881396,0.17746528894698999,362774,362813,0.9998925066080874
ethereum,211825,1,211825,13145743,72881396,0.1803717233956386,362775,362813,0.9998952628489056
ethereum,222155,1,222155,13367898,72881396,0.18341989497566705,362776,362813,0.9998980190897239
ethereum,224600,1,224600,13592498,72881396,0.1865016142116707,362777,362813,0.9999007753305422
ethereum,237747,1,237747,13830245,72881396,0.1897637224182698,362778,362813,0.9999035315713605
ethereum,243255,1,243255,14073500,72881396,0.19310140546704127,362779,362813,0.9999062878121787
ethereum,273260,1,273260,14346760,72881396,0.19685078480110343,362780,362813,0.999909044052997
ethereum,292285,1,292285,14639045,72881396,0.2008612046893284,362781,362813,0.9999118002938153
ethereum,329477,1,329477,14968522,72881396,0.20538193313421163,362782,362813,0.9999145565346336
ethereum,334910,1,334910,15303432,72881396,0.20997720735206554,362783,362813,0.9999173127754518
ethereum,337928,1,337928,15641360,72881396,0.21461389131459557,362784,362813,0.9999200690162701
ethereum,370162,1,370162,16011522,72881396,0.2196928554990906,362785,362813,0.9999228252570883
ethereum,416390,1,416390,16427912,72881396,0.2254061104976639,362786,362813,0.9999255814979067
ethereum,427426,1,427426,16855338,72881396,0.23127078959903566,362787,362813,0.9999283377387249
ethereum,429605,1,429605,17284943,72881396,0.2371653665909473,362788,362813,0.9999310939795432
ethereum,458043,1,458043,17742986,72881396,0.24345013918229558,362789,362813,0.9999338502203614
ethereum,477444,1,477444,18220430,72881396,0.25000111139473785,362790,362813,0.9999366064611798
ethereum,481313,1,481313,18701743,72881396,0.2566051698570648,362791,362813,0.999939362701998
ethereum,504402,1,504402,19206145,72881396,0.2635260307033636,362792,362813,0.9999421189428163
ethereum,540361,2,1080722,20286867,72881396,0.2783545337139261,362794,362813,0.9999476314244529
ethereum,660975,1,660975,20947842,72881396,0.28742372058844756,362795,362813,0.9999503876652711
ethereum,682020,1,682020,21629862,72881396,0.2967816642809641,362796,362813,0.9999531439060894
ethereum,722267,1,722267,22352129,72881396,0.30669183394895455,362797,362813,0.9999559001469076
ethereum,727425,1,727425,23079554,72881396,0.3166727761361761,362798,362813,0.999958656387726
ethereum,952859,1,952859,24032413,72881396,0.3297468808089241,362799,362813,0.9999614126285442
ethereum,1049380,1,1049380,25081793,72881396,0.34414534266056046,362800,362813,0.9999641688693625
ethereum,1175803,1,1175803,26257596,72881396,0.36027844472133874,362801,362813,0.9999669251101807
ethereum,1220980,1,1220980,27478576,72881396,0.3770314169064489,362802,362813,0.999969681350999
ethereum,1237534,1,1237534,28716110,72881396,0.39401152524575683,362803,362813,0.9999724375918173
ethereum,1544059,1,1544059,30260169,72881396,0.41519743941238446,362804,362813,0.9999751938326356
ethereum,1548296,1,1548296,31808465,72881396,0.43644148912844644,362805,362813,0.9999779500734538
ethereum,1595653,1,1595653,33404118,72881396,0.45833532058030285,362806,362813,0.999980706314272
ethereum,1633386,1,1633386,35037504,72881396,0.48074688360799234,362807,362813,0.9999834625550904
ethereum,1647068,1,1647068,36684572,72881396,0.5033461762999161,362808,362813,0.9999862187959087
ethereum,5018000,1,5018000,41702572,72881396,0.5721977663545303,362809,362813,0.9999889750367269
ethereum,6628191,1,6628191,48330763,72881396,0.6631426626350571,362810,362813,0.9999917312775451
ethereum,6902508,1,6902508,55233271,72881396,0.7578514412649285,362811,362813,0.9999944875183635
ethereum,7302028,1,7302028,62535299,72881396,0.8580420029276058,362812,362813,0.9999972437591818
ethereum,10346097,1,10346097,72881396,72881396,1.0,362813,362813,1.0
polygon,1,589481,589481,589481,10988829,0.0536436593926432,589481,626702,0.9406081359242511
polygon,2,22552,45104,634585,10988829,0.05774819136779724,612033,626702,0.9765933410137514
polygon,3,5086,15258,649843,10988829,0.05913669236276222,617119,626702,0.9847088408845033
polygon,4,2108,8432,658275,10988829,0.0599040170704267,619227,626702,0.9880724810196871
polygon,5,1077,5385,663660,10988829,0.06039406018603074,620304,626702,0.9897910011456801
polygon,6,743,4458,668118,10988829,0.06079974490457536,621047,626702,0.9909765725975025
polygon,7,496,3472,671590,10988829,0.061115702137143096,621543,626702,0.9917680173351928
polygon,8,417,3336,674926,10988829,0.06141928316474849,621960,626702,0.9924334053505494
polygon,9,265,2385,677311,10988829,0.06163632175912465,622225,626702,0.992856253849517
polygon,10,584,5840,683151,10988829,0.062167770560448254,622809,626702,0.9937881162019588
polygon,11,236,2596,685747,10988829,0.06240401047281744,623045,626702,0.994164690714247
polygon,12,213,2556,688303,10988829,0.06263661032490359,623258,626702,0.9945045651681341
polygon,13,144,1872,690175,10988829,0.06280696514614978,623402,626702,0.9947343394468184
polygon,14,160,2240,692415,10988829,0.06301080852199993,623562,626702,0.9949896442009121
polygon,15,153,2295,694710,10988829,0.06321965698073925,623715,626702,0.9952337793720142
polygon,16,118,1888,696598,10988829,0.06339146782609867,623833,626702,0.9954220666281582
polygon,17,92,1564,698162,10988829,0.06353379418316547,623925,626702,0.995568866861762
polygon,18,97,1746,699908,10988829,0.06369268281452009,624022,626702,0.9957236453689313
polygon,19,102,1938,701846,10988829,0.0638690437352333,624124,626702,0.9958864021496661
polygon,20,95,1900,703746,10988829,0.06404194659867762,624219,626702,0.9960379893474092
polygon,21,113,2373,706119,10988829,0.06425789317496887,624332,626702,0.9962182983299878
polygon,22,56,1232,707351,10988829,0.06437000703168645,624388,626702,0.9963076549939206
polygon,23,51,1173,708524,10988829,0.06447675179948655,624439,626702,0.9963890333842879
polygon,24,71,1704,710228,10988829,0.06463181836754399,624510,626702,0.996502324868917
polygon,25,41,1025,711253,10988829,0.06472509491229685,624551,626702,0.9965677467121534
polygon,26,52,1352,712605,10988829,0.06484812894986354,624603,626702,0.9966507207572339
polygon,27,48,1296,713901,10988829,0.06496606690303398,624651,626702,0.996727312183462
polygon,28,40,1120,715021,10988829,0.06506798859095905,624691,626702,0.9967911383719854
polygon,29,32,928,715949,10988829,0.06515243798952554,624723,626702,0.9968421993228042
polygon,30,37,1110,717059,10988829,0.06525344966237986,624760,626702,0.9969012385471883
polygon,31,68,2108,719167,10988829,0.06544528083929597,624828,626702,0.9970097430676781
polygon,32,39,1248,720415,10988829,0.06555885072012678,624867,626702,0.9970719736014885
polygon,33,39,1287,721702,10988829,0.06567596965973353,624906,626702,0.9971342041352987
polygon,34,33,1122,722824,10988829,0.06577807335067276,624939,626702,0.9971868607408305
polygon,35,29,1015,723839,10988829,0.06587043988035486,624968,626702,0.9972331347275101
polygon,36,30,1080,724919,10988829,0.06596872150799689,624998,626702,0.9972810043689027
polygon,37,30,1110,726029,10988829,0.06606973318085121,625028,626702,0.9973288740102951
polygon,38,29,1102,727131,10988829,0.06617001684164892,625057,626702,0.9973751479969747
polygon,39,28,1092,728223,10988829,0.06626939048737586,625085,626702,0.997419826328941
polygon,40,35,1400,729623,10988829,0.0663967925972822,625120,626702,0.997475674243899
polygon,41,34,1394,731017,10988829,0.06652364869814609,625154,626702,0.997529926504144
polygon,42,24,1008,732025,10988829,0.06661537821727866,625178,626702,0.9975682222172579
polygon,43,23,989,733014,10988829,0.06670537870777678,625201,626702,0.9976049222756589
polygon,44,29,1276,734290,10988829,0.06682149663080571,625230,626702,0.9976511962623384
polygon,45,20,900,735190,10988829,0.06690339798717407,625250,626702,0.9976831093566001
polygon,46,25,1150,736340,10988829,0.06700804972031142,625275,626702,0.9977230007244272
polygon,47,16,752,737092,10988829,0.06707648285363253,625291,626702,0.9977485311998366
polygon,48,25,1200,738292,10988829,0.06718568466212368,625316,626702,0.9977884225676638
polygon,49,10,490,738782,10988829,0.06723027540059091,625326,626702,0.9978043791147946
polygon,50,29,1450,740232,10988829,0.06736222758585104,625355,626702,0.997850653101474
polygon,51,14,714,740946,10988829,0.06742720266190329,625369,626702,0.9978729922674573
polygon,52,23,1196,742142,10988829,0.06753604046436613,625392,626702,0.9979096923258582
polygon,53,11,583,742725,10988829,0.06758909434299142,625403,626702,0.9979272445277022
polygon,54,12,648,743373,10988829,0.06764806331957664,625415,626702,0.9979463923842592
polygon,55,14,770,744143,10988829,0.06771813448002513,625429,626702,0.9979687315502423
polygon,56,4,224,744367,10988829,0.06773851881761014,625433,626702,0.9979751141690947
polygon,57,10,570,744937,10988829,0.06779038967664343,625443,626702,0.9979910707162256
polygon,58,6,348,745285,10988829,0.06782205820110587,625449,626702,0.9980006446445041
polygon,59,6,354,745639,10988829,0.06785427273461075,625455,626702,0.9980102185727826
polygon,60,23,1380,747019,10988829,0.06797985481437559,625478,626702,0.9980469186311836
polygon,61,12,732,747751,10988829,0.06804646791755518,625490,626702,0.9980660664877405
polygon,62,8,496,748247,10988829,0.06809160466506486,625498,626702,0.9980788317254453
polygon,63,13,819,749066,10988829,0.06816613489936006,625511,626702,0.9980995752367153
polygon,64,17,1088,750154,10988829,0.06826514453905871,625528,626702,0.9981267013668378
polygon,65,9,585,750739,10988829,0.06831838042069814,625537,626702,0.9981410622592556
polygon,66,10,660,751399,10988829,0.06837844141536828,625547,626702,0.9981570188063864
polygon,67,10,670,752069,10988829,0.06843941242510918,625557,626702,0.9981729753535173
polygon,68,13,884,752953,10988829,0.06851985775736431,625570,626702,0.9981937188647874
polygon,69,12,828,753781,10988829,0.06859520700522322,625582,626702,0.9982128667213445
polygon,70,9,630,754411,10988829,0.06865253795468107,625591,626702,0.9982272276137623
polygon,71,9,639,755050,10988829,0.0687106879177026,625600,626702,0.9982415885061799
polygon,72,8,576,755626,10988829,0.06876310478577835,625608,626702,0.9982543537438846
polygon,73,4,292,755918,10988829,0.06878967722584453,625612,626702,0.998260736362737
polygon,74,4,296,756214,10988829,0.06881661367193902,625616,626702,0.9982671189815894
polygon,75,16,1200,757414,10988829,0.06892581548043017,625632,626702,0.9982926494569987
polygon,76,6,456,757870,10988829,0.06896731216765681,625638,626702,0.9983022233852772
polygon,77,5,385,758255,10988829,0.06900234774788105,625643,626702,0.9983102016588427
polygon,78,8,624,758879,10988829,0.06905913268829646,625651,626702,0.9983229668965473
polygon,79,9,711,759590,10988829,0.06912383475982746,625660,626702,0.9983373277889651
polygon,80,10,800,760390,10988829,0.06919663596548822,625670,626702,0.9983532843360959
polygon,81,6,486,760876,10988829,0.06924086269792715,625676,626702,0.9983628582643744
polygon,82,11,902,761778,10988829,0.06932294605730965,625687,626702,0.9983804104662184
polygon,83,4,332,762110,10988829,0.06935315855765888,625691,626702,0.9983867930850707
polygon,84,11,924,763034,10988829,0.06943724395019706,625702,626702,0.9984043452869147
polygon,85,7,595,763629,10988829,0.06949138984690725,625709,626702,0.9984155148699063
polygon,86,6,516,764145,10988829,0.06953834662455845,625715,626702,0.9984250887981848
polygon,87,10,870,765015,10988829,0.06961751793571454,625725,626702,0.9984410453453156
polygon,88,4,352,765367,10988829,0.06964955046620527,625729,626702,0.998447427964168
polygon,89,6,534,765901,10988829,0.06969814527098384,625735,626702,0.9984570018924465
polygon,90,4,360,766261,10988829,0.06973090581353118,625739,626702,0.9984633845112988
polygon,91,4,364,766625,10988829,0.06976403036210682,625743,626702,0.9984697671301511
polygon,92,10,920,767545,10988829,0.06984775174861671,625753,626702,0.998485723677282
polygon,93,10,930,768475,10988829,0.06993238315019736,625763,626702,0.9985016802244129
polygon,94,6,564,769039,10988829,0.06998370800018819,625769,626702,0.9985112541526914
polygon,95,4,380,769419,10988829,0.07001828857287705,625773,626702,0.9985176367715437
polygon,96,15,1440,770859,10988829,0.07014933074306644,625788,626702,0.99854157159224
polygon,97,5,485,771344,10988829,0.07019346647399828,625793,626702,0.9985495498658055
polygon,98,2,196,771540,10988829,0.07021130276938517,625795,626702,0.9985527411752316
polygon,99,6,594,772134,10988829,0.07026535766458829,625801,626702,0.9985623151035101
polygon,100,10,1000,773134,10988829,0.07035635917166425,625811,626702,0.998578271650641
polygon,101,3,303,773437,10988829,0.07038393262830826,625814,626702,0.9985830586147803
polygon,102,5,510,773947,10988829,0.07043034339691699,625819,626702,0.9985910368883456
polygon,103,6,618,774565,10988829,0.07048658232828994,625825,626702,0.9986006108166242
polygon,104,9,936,775501,10988829,0.07057175973891304,625834,626702,0.9986149717090419
polygon,105,4,420,775921,10988829,0.07060998037188494,625838,626702,0.9986213543278942
polygon,106,4,424,776345,10988829,0.07064856501088515,625842,626702,0.9986277369467467
polygon,107,4,428,776773,10988829,0.07068751365591365,625846,626702,0.998634119565599
polygon,108,10,1080,777853,10988829,0.07078579528355569,625856,626702,0.9986500761127298
polygon,109,3,327,778180,10988829,0.07081555277636953,625859,626702,0.998654863076869
polygon,110,5,550,778730,10988829,0.07086560360526131,625864,626702,0.9986628413504345
polygon,111,3,333,779063,10988829,0.0708959071071176,625867,626702,0.9986676283145738
polygon,112,8,896,779959,10988829,0.07097744445745766,625875,626702,0.9986803935522784
polygon,113,1,113,780072,10988829,0.07098772762775725,625876,626702,0.9986819892069915
polygon,114,4,456,780528,10988829,0.07102922431498387,625880,626702,0.9986883718258439
polygon,115,6,690,781218,10988829,0.0710920153548663,625886,626702,0.9986979457541224
polygon,116,4,464,781682,10988829,0.07113424005414953,625890,626702,0.9987043283729747
polygon,117,3,351,782033,10988829,0.0711661815831332,625893,626702,0.9987091153371139
polygon,118,6,708,782741,10988829,0.07123061065014298,625899,626702,0.9987186892653925
polygon,119,6,714,783455,10988829,0.07129558572619521,625905,626702,0.998728263193671
polygon,120,5,600,784055,10988829,0.07135018663044079,625910,626702,0.9987362414672364
polygon,121,3,363,784418,10988829,0.07138322017750937,625913,626702,0.9987410284313757
polygon,122,8,976,785394,10988829,0.07147203764841549,625921,626702,0.9987537936690803
polygon,123,6,738,786132,10988829,0.07153919676063755,625927,626702,0.9987633675973588
polygon,124,2,248,786380,10988829,0.07156176513439239,625929,626702,0.998766558906785
polygon,125,2,250,786630,10988829,0.07158451551116138,625931,626702,0.9987697502162112
polygon,126,1,126,786756,10988829,0.07159598170105295,625932,626702,0.9987713458709243
polygon,127,4,508,787264,10988829,0.07164221046664754,625936,626702,0.9987777284897766
polygon,128,2,256,787520,10988829,0.07166550685245898,625938,626702,0.9987809197992028
polygon,130,2,260,787780,10988829,0.07168916724429873,625940,626702,0.998784111108629
polygon,131,1,131,787911,10988829,0.07170108844172568,625941,626702,0.9987857067633421
polygon,132,3,396,788307,10988829,0.07173712503852776,625944,626702,0.9987904937274813
polygon,133,2,266,788573,10988829,0.07176133143940996,625946,626702,0.9987936850369075
polygon,134,3,402,788975,10988829,0.0717979140452545,625949,626702,0.9987984720010468
polygon,135,2,270,789245,10988829,0.071822484452165,625951,626702,0.9988016633104729
polygon,136,2,272,789517,10988829,0.07184723686208967,625953,626702,0.9988048546198991
polygon,137,1,137,789654,10988829,0.07185970406855909,625954,626702,0.9988064502746121
polygon,138,5,690,790344,10988829,0.0719224951084415,625959,626702,0.9988144285481776
polygon,139,3,417,790761,10988829,0.07196044273689217,625962,626702,0.9988192155123169
polygon,140,2,280,791041,10988829,0.07198592315887344,625964,626702,0.9988224068217431
polygon,141,4,564,791605,10988829,0.07203724800886427,625968,626702,0.9988287894405954
polygon,142,2,284,791889,10988829,0.07206309243687385,625970,626702,0.9988319807500216
polygon,143,4,572,792461,10988829,0.0721151452989213,625974,626702,0.9988383633688739
polygon,144,2,288,792749,10988829,0.07214135373295917,625976,626702,0.9988415546783
polygon,145,6,870,793619,10988829,0.07222052504411526,625982,626702,0.9988511286065785
polygon,146,3,438,794057,10988829,0.07226038370421453,625985,626702,0.9988559155707178
polygon,147,5,735,794792,10988829,0.07232726981191535,625990,626702,0.9988638938442832
polygon,149,7,1043,795835,10988829,0.07242218438379558,625997,626702,0.9988750634272748
polygon,150,8,1200,797035,10988829,0.07253138619228673,626005,626702,0.9988878286649795
polygon,151,5,755,797790,10988829,0.07260009233012908,626010,626702,0.998895806938545
polygon,152,3,456,798246,10988829,0.07264158901735572,626013,626702,0.9989005939026843
polygon,153,2,306,798552,10988829,0.07266943547852096,626015,626702,0.9989037852121104
polygon,154,1,154,798706,10988829,0.07268344971061065,626016,626702,0.9989053808668235
polygon,155,2,310,799016,10988829,0.0727116601778042,626018,626702,0.9989085721762496
polygon,156,4,624,799640,10988829,0.0727684451182196,626022,626702,0.998914954795102
polygon,157,4,628,800268,10988829,0.07282559406466331,626026,626702,0.9989213374139543
polygon,158,1,158,800426,10988829,0.0728399723027813,626027,626702,0.9989229330686674
polygon,159,5,795,801221,10988829,0.0729123185009067,626032,626702,0.9989309113422329
polygon,160,3,480,801701,10988829,0.07295599922430315,626035,626702,0.9989356983063721
polygon,161,1,161,801862,10988829,0.07297065046694239,626036,626702,0.9989372939610852
polygon,162,1,162,802024,10988829,0.07298539271108868,626037,626702,0.9989388896157982
polygon,163,1,163,802187,10988829,0.07300022595674208,626038,626702,0.9989404852705114
polygon,164,5,820,803007,10988829,0.07307484719254435,626043,626702,0.9989484635440767
polygon,165,3,495,803502,10988829,0.07311989293854695,626046,626702,0.998953250508216
polygon,166,1,166,803668,10988829,0.07313499918872156,626047,626702,0.9989548461629291
polygon,167,3,501,804169,10988829,0.07318059094376662,626050,626702,0.9989596331270684
polygon,168,1,168,804337,10988829,0.07319587919695537,626051,626702,0.9989612287817815
polygon,169,1,169,804506,10988829,0.07321125845165122,626052,626702,0.9989628244364945
polygon,171,1,171,804677,10988829,0.07322681970936121,626053,626702,0.9989644200912077
polygon,172,2,344,805021,10988829,0.07325812422779533,626055,626702,0.9989676114006338
polygon,173,1,173,805194,10988829,0.07327386748851948,626056,626702,0.9989692070553469
polygon,174,4,696,805890,10988829,0.07333720453744434,626060,626702,0.9989755896741992
polygon,175,2,350,806240,10988829,0.07336905506492093,626062,626702,0.9989787809836254
polygon,176,4,704,806944,10988829,0.0734331201259024,626066,626702,0.9989851636024777
polygon,177,1,177,807121,10988829,0.07344922739265485,626067,626702,0.9989867592571908
polygon,178,2,356,807477,10988829,0.07348162392917389,626069,626702,0.998989950566617
polygon,179,2,358,807835,10988829,0.07351420246870709,626071,626702,0.9989931418760432
polygon,180,4,720,808555,10988829,0.07357972355380177,626075,626702,0.9989995244948955
polygon,181,3,543,809098,10988829,0.07362913737214402,626078,626702,0.9990043114590348
polygon,182,2,364,809462,10988829,0.07366226192071967,626080,626702,0.999007502768461
polygon,184,2,368,809830,10988829,0.07369575047532362,626082,626702,0.9990106940778871
polygon,185,1,185,810015,10988829,0.07371258575413267,626083,626702,0.9990122897326001
polygon,186,2,372,810387,10988829,0.07374643831476493,626085,626702,0.9990154810420263
polygon,187,4,748,811135,10988829,0.07381450744205775,626089,626702,0.9990218636608788
polygon,190,2,380,811515,10988829,0.07384908801474661,626091,626702,0.9990250549703049
polygon,191,1,191,811706,10988829,0.07386646930259812,626092,626702,0.9990266506250179
polygon,193,1,193,811899,10988829,0.07388403259346378,626093,626702,0.9990282462797311
polygon,194,2,388,812287,10988829,0.07391934117820925,626095,626702,0.9990314375891572
polygon,195,2,390,812677,10988829,0.07395483176596887,626097,626702,0.9990346288985834
polygon,196,2,392,813069,10988829,0.07399050435674265,626099,626702,0.9990378202080096
polygon,197,3,591,813660,10988829,0.07404428624742454,626102,626702,0.9990426071721488
polygon,198,2,396,814056,10988829,0.07408032284422662,626104,626702,0.9990457984815749
polygon,199,1,199,814255,10988829,0.07409843214413474,626105,626702,0.9990473941362881
polygon,200,3,600,814855,10988829,0.07415303304838032,626108,626702,0.9990521811004273
polygon,201,2,402,815257,10988829,0.07418961565422486,626110,626702,0.9990553724098535
polygon,202,2,404,815661,10988829,0.07422638026308354,626112,626702,0.9990585637192797
polygon,204,2,408,816069,10988829,0.07426350887797052,626114,626702,0.9990617550287059
polygon,206,2,412,816481,10988829,0.07430100149888583,626116,626702,0.999064946338132
polygon,208,2,416,816897,10988829,0.07433885812582942,626118,626702,0.9990681376475582
polygon,209,1,209,817106,10988829,0.0743578774408083,626119,626702,0.9990697333022712
polygon,210,2,420,817526,10988829,0.0743960980737802,626121,626702,0.9990729246116974
polygon,211,1,211,817737,10988829,0.07441529939177323,626122,626702,0.9990745202664105
polygon,212,1,212,817949,10988829,0.07443459171127333,626123,626702,0.9990761159211236
polygon,213,2,426,818375,10988829,0.0744733583532877,626125,626702,0.9990793072305497
polygon,214,2,428,818803,10988829,0.0745123069983162,626127,626702,0.9990824985399759
polygon,216,5,1080,819883,10988829,0.07461058862595824,626132,626702,0.9990904768135414
polygon,218,2,436,820319,10988829,0.07465026528304335,626134,626702,0.9990936681229675
polygon,219,5,1095,821414,10988829,0.07474991193329153,626139,626702,0.999101646396533
polygon,222,1,222,821636,10988829,0.07477011426786238,626140,626702,0.999103242051246
polygon,223,2,446,822082,10988829,0.07481070094001827,626142,626702,0.9991064333606722
polygon,226,2,452,822534,10988829,0.0748518336212166,626144,626702,0.9991096246700983
polygon,228,2,456,822990,10988829,0.07489333030844324,626146,626702,0.9991128159795245
polygon,229,3,687,823677,10988829,0.07495584834380442,626149,626702,0.9991176029436638
polygon,231,2,462,824139,10988829,0.07499789104007351,626151,626702,0.99912079425309
polygon,233,2,466,824605,10988829,0.0750402977423709,626153,626702,0.9991239855625161
polygon,235,1,235,824840,10988829,0.07506168309653376,626154,626702,0.9991255812172293
polygon,237,1,237,825077,10988829,0.07508325045371077,626155,626702,0.9991271768719423
polygon,238,1,238,825315,10988829,0.07510490881239484,626156,626702,0.9991287725266554
polygon,239,1,239,825554,10988829,0.075126658172586,626157,626702,0.9991303681813685
polygon,240,1,240,825794,10988829,0.07514849853428422,626158,626702,0.9991319638360816
polygon,241,1,241,826035,10988829,0.07517042989748954,626159,626702,0.9991335594907946
polygon,242,1,242,826277,10988829,0.07519245226220192,626160,626702,0.9991351551455078
polygon,243,3,729,827006,10988829,0.07525879236086029,626163,626702,0.999139942109647
polygon,244,3,732,827738,10988829,0.07532540546403989,626166,626702,0.9991447290737863
polygon,245,2,490,828228,10988829,0.0753699962025071,626168,626702,0.9991479203832124
polygon,246,2,492,828720,10988829,0.07541476894398848,626170,626702,0.9991511116926386
polygon,247,1,247,828967,10988829,0.07543724631623624,626171,626702,0.9991527073473517
polygon,248,4,992,829959,10988829,0.07552751981125559,626175,626702,0.9991590899662041
polygon,249,1,249,830208,10988829,0.0755501791865175,626176,626702,0.9991606856209171
polygon,250,2,500,830708,10988829,0.07559567994005549,626178,626702,0.9991638769303433
polygon,251,2,502,831210,10988829,0.07564136269660762,626180,626702,0.9991670682397694
polygon,252,1,252,831462,10988829,0.07566429507639076,626181,626702,0.9991686638944826
polygon,254,2,508,831970,10988829,0.07571052384198534,626183,626702,0.9991718552039087
polygon,255,5,1275,833245,10988829,0.0758265507635072,626188,626702,0.9991798334774742
polygon,256,3,768,834013,10988829,0.07589643992094153,626191,626702,0.9991846204416134
polygon,257,1,257,834270,10988829,0.07591982730826005,626192,626702,0.9991862160963265
polygon,260,2,520,834790,10988829,0.07596714809193955,626194,626702,0.9991894074057527
polygon,261,1,261,835051,10988829,0.07599089948528638,626195,626702,0.9991910030604657
polygon,262,1,262,835313,10988829,0.07601474188014028,626196,626702,0.9991925987151788
polygon,263,2,526,835839,10988829,0.07606260867286223,626198,626702,0.999195790024605
polygon,265,1,265,836104,10988829,0.07608672407223736,626199,626702,0.999197385679318
polygon,266,1,266,836370,10988829,0.07611093047311956,626200,626702,0.9991989813340312
polygon,267,3,801,837171,10988829,0.07618382268028741,626203,626702,0.9992037682981704
polygon,268,1,268,837439,10988829,0.07620821108418377,626204,626702,0.9992053639528835
polygon,270,1,270,837709,10988829,0.07623278149109428,626205,626702,0.9992069596075966
polygon,271,3,813,838522,10988829,0.07630676571634702,626208,626702,0.9992117465717358
polygon,272,1,272,838794,10988829,0.07633151812627169,626209,626702,0.999213342226449
polygon,274,1,274,839068,10988829,0.0763564525392105,626210,626702,0.999214937881162
polygon,275,1,275,839343,10988829,0.0763814779536564,626211,626702,0.9992165335358751
polygon,279,2,558,839901,10988829,0.07643225679460477,626213,626702,0.9992197248453013
polygon,280,1,280,840181,10988829,0.07645773721658604,626214,626702,0.9992213205000143
polygon,282,1,282,840463,10988829,0.07648339964158146,626215,626702,0.9992229161547275
polygon,283,1,283,840746,10988829,0.07650915306808397,626216,626702,0.9992245118094405
polygon,287,1,287,841033,10988829,0.07653527050061476,626217,626702,0.9992261074641536
polygon,289,1,289,841322,10988829,0.07656156993615972,626218,626702,0.9992277031188667
polygon,290,1,290,841612,10988829,0.07658796037321174,626219,626702,0.9992292987735798
polygon,291,1,291,841903,10988829,0.07661444181177085,626220,626702,0.9992308944282928
polygon,292,1,292,842195,10988829,0.07664101425183703,626221,626702,0.999232490083006
polygon,294,1,294,842489,10988829,0.07666776869491736,626222,626702,0.999234085737719
polygon,297,2,594,843083,10988829,0.07672182359012047,626224,626702,0.9992372770471453
polygon,298,1,298,843381,10988829,0.0767489420392291,626225,626702,0.9992388727018583
polygon,300,3,900,844281,10988829,0.07683084339559748,626228,626702,0.9992436596659976
polygon,301,2,602,844883,10988829,0.0768856263028572,626230,626702,0.9992468509754238
polygon,302,1,302,845185,10988829,0.07691310875799415,626231,626702,0.9992484466301368
polygon,303,2,606,845791,10988829,0.07696825567128217,626233,626702,0.999251637939563
polygon,304,1,304,846095,10988829,0.07699592012943327,626234,626702,0.9992532335942761
polygon,305,1,305,846400,10988829,0.07702367558909143,626235,626702,0.9992548292489891
polygon,308,1,308,846708,10988829,0.07705170405327083,626236,626702,0.9992564249037023
polygon,310,2,620,847328,10988829,0.07710812498765791,626238,626702,0.9992596162131284
polygon,312,2,624,847952,10988829,0.07716490992807332,626240,626702,0.9992628075225546
polygon,313,2,626,848578,10988829,0.07722187687150286,626242,626702,0.9992659988319808
polygon,314,1,314,848892,10988829,0.07725045134472472,626243,626702,0.9992675944866939
polygon,316,1,316,849208,10988829,0.07727920782096072,626244,626702,0.9992691901414069
polygon,318,1,318,849526,10988829,0.07730814630021088,626245,626702,0.99927078579612
polygon,319,1,319,849845,10988829,0.0773371757809681,626246,626702,0.9992723814508331
polygon,320,1,320,850165,10988829,0.07736629626323241,626247,626702,0.9992739771055462
polygon,321,2,642,850807,10988829,0.07742471923077518,626249,626702,0.9992771684149724
polygon,323,1,323,851130,10988829,0.07745411271756071,626250,626702,0.9992787640696854
polygon,325,1,325,851455,10988829,0.0774836882073604,626251,626702,0.9992803597243985
polygon,328,1,328,851783,10988829,0.07751353670168132,626252,626702,0.9992819553791116
polygon,329,1,329,852112,10988829,0.0775434761975093,626253,626702,0.9992835510338247
polygon,334,1,334,852446,10988829,0.07757387070087268,626254,626702,0.9992851466885377
polygon,342,1,342,852788,10988829,0.07760499321629266,626255,626702,0.9992867423432509
polygon,345,2,690,853478,10988829,0.07766778425617507,626257,626702,0.999289933652677
polygon,347,1,347,853825,10988829,0.07769936177913042,626258,626702,0.9992915293073901
polygon,348,2,696,854521,10988829,0.0777626988280553,626260,626702,0.9992947206168162
polygon,349,2,698,855219,10988829,0.07782621787999432,626262,626702,0.9992979119262425
polygon,350,1,350,855569,10988829,0.07785806840747089,626263,626702,0.9992995075809555
polygon,351,1,351,855920,10988829,0.07789000993645456,626264,626702,0.9993011032356687
polygon,353,2,706,856626,10988829,0.07795425700045018,626266,626702,0.9993042945450948
polygon,354,1,354,856980,10988829,0.07798647153395508,626267,626702,0.9993058901998079
polygon,355,1,355,857335,10988829,0.07801877706896704,626268,626702,0.999307485854521
polygon,356,1,356,857691,10988829,0.07805117360548608,626269,626702,0.999309081509234
polygon,357,1,357,858048,10988829,0.0780836611435122,626270,626702,0.9993106771639472
polygon,360,1,360,858408,10988829,0.07811642168605955,626271,626702,0.9993122728186602
polygon,361,2,722,859130,10988829,0.07818212477416839,626273,626702,0.9993154641280864
polygon,362,3,1086,860216,10988829,0.07828095241085288,626276,626702,0.9993202510922257
polygon,364,1,364,860580,10988829,0.07831407695942852,626277,626702,0.9993218467469387
polygon,366,1,366,860946,10988829,0.07834738351101833,626278,626702,0.9993234424016518
polygon,367,1,367,861313,10988829,0.07838078106411521,626279,626702,0.9993250380563649
polygon,368,1,368,861681,10988829,0.07841426961871915,626280,626702,0.999326633711078
polygon,369,2,738,862419,10988829,0.07848142873094122,626282,626702,0.9993298250205042
polygon,371,1,371,862790,10988829,0.0785151902900664,626283,626702,0.9993314206752173
polygon,372,1,372,863162,10988829,0.07854904285069865,626284,626702,0.9993330163299303
polygon,375,1,375,863537,10988829,0.07858316841585214,626285,626702,0.9993346119846435
polygon,379,1,379,863916,10988829,0.07861765798703392,626286,626702,0.9993362076393565
polygon,380,2,760,864676,10988829,0.07868681913241166,626288,626702,0.9993393989487827
polygon,381,1,381,865057,10988829,0.0787214907066076,626289,626702,0.9993409946034958
polygon,387,2,774,865831,10988829,0.07879192587308438,626291,626702,0.999344185912922
polygon,388,2,776,866607,10988829,0.07886254304257533,626293,626702,0.9993473772223481
polygon,392,1,392,866999,10988829,0.0788982156333491,626294,626702,0.9993489728770611
polygon,395,1,395,867394,10988829,0.0789341612286441,626295,626702,0.9993505685317743
polygon,398,1,398,867792,10988829,0.07897037982846034,626296,626702,0.9993521641864873
polygon,399,4,1596,869388,10988829,0.07911561823375357,626300,626702,0.9993585468053398
polygon,401,1,401,869789,10988829,0.07915210983809103,626301,626702,0.9993601424600528
polygon,407,1,407,870196,10988829,0.07918914745147095,626302,626702,0.9993617381147659
polygon,408,1,408,870604,10988829,0.07922627606635793,626303,626702,0.999363333769479
polygon,411,2,822,871426,10988829,0.07930107930517437,626305,626702,0.9993665250789051
polygon,412,2,824,872250,10988829,0.07937606454700497,626307,626702,0.9993697163883313
polygon,423,1,423,872673,10988829,0.0794145581844981,626308,626702,0.9993713120430444
polygon,425,1,425,873098,10988829,0.07945323382500538,626309,626702,0.9993729076977574
polygon,427,1,427,873525,10988829,0.07949209146852682,626310,626702,0.9993745033524706
polygon,428,2,856,874381,10988829,0.07956998875858383,626312,626702,0.9993776946618967
polygon,430,1,430,874811,10988829,0.07960911940662649,626313,626702,0.9993792903166098
polygon,433,1,433,875244,10988829,0.07964852305919039,626314,626702,0.9993808859713229
polygon,434,1,434,875678,10988829,0.07968801771326135,626315,626702,0.9993824816260359
polygon,439,2,878,876556,10988829,0.07976791703647404,626317,626702,0.9993856729354621
polygon,440,1,440,876996,10988829,0.07980795769958746,626318,626702,0.9993872685901752
polygon,442,1,442,877438,10988829,0.07984818036571503,626319,626702,0.9993888642448884
polygon,450,2,900,878338,10988829,0.0799300817220834,626321,626702,0.9993920555543145
polygon,454,1,454,878792,10988829,0.07997139640629589,626322,626702,0.9993936512090276
polygon,456,3,1368,880160,10988829,0.0800958864679758,626325,626702,0.9993984381731669
polygon,457,2,914,881074,10988829,0.08017906184544323,626327,626702,0.999401629482593
polygon,458,2,916,881990,10988829,0.0802624192259248,626329,626702,0.9994048207920192
polygon,460,1,460,882450,10988829,0.08030427991917974,626330,626702,0.9994064164467322
polygon,462,1,462,882912,10988829,0.08034632261544883,626331,626702,0.9994080121014454
polygon,463,1,463,883375,10988829,0.080388456313225,626332,626702,0.9994096077561584
polygon,468,1,468,883843,10988829,0.08043104501853655,626333,626702,0.9994112034108715
polygon,470,1,470,884313,10988829,0.08047381572686226,626334,626702,0.9994127990655846
polygon,472,1,472,884785,10988829,0.0805167684382021,626335,626702,0.9994143947202977
polygon,473,1,473,885258,10988829,0.08055981215104903,626336,626702,0.9994159903750107
polygon,475,1,475,885733,10988829,0.08060303786691012,626337,626702,0.9994175860297239
polygon,477,1,477,886210,10988829,0.08064644558578535,626338,626702,0.9994191816844369
polygon,479,3,1437,887647,10988829,0.0807772147514535,626341,626702,0.9994239686485762
polygon,480,1,480,888127,10988829,0.08082089547484995,626342,626702,0.9994255643032893
polygon,487,1,487,888614,10988829,0.08086521320879594,626343,626702,0.9994271599580024
polygon,494,1,494,889108,10988829,0.08091016795329148,626344,626702,0.9994287556127155
polygon,497,2,994,890102,10988829,0.08100062345132497,626346,626702,0.9994319469221417
polygon,498,1,498,890600,10988829,0.08104594220184881,626347,626702,0.9994335425768547
polygon,500,3,1500,892100,10988829,0.08118244446246274,626350,626702,0.999438329540994
polygon,502,2,1004,893104,10988829,0.081273809975567,626352,626702,0.9994415208504202
polygon,506,2,1012,894116,10988829,0.08136590350072788,626354,626702,0.9994447121598463
polygon,510,1,510,894626,10988829,0.08141231426933661,626355,626702,0.9994463078145593
polygon,513,1,513,895139,10988829,0.08145899804246658,626356,626702,0.9994479034692725
polygon,515,2,1030,896169,10988829,0.08155272959475482,626358,626702,0.9994510947786986
polygon,518,1,518,896687,10988829,0.08159986837542016,626359,626702,0.9994526904334118
polygon,520,1,520,897207,10988829,0.08164718915909966,626360,626702,0.9994542860881248
polygon,521,1,521,897728,10988829,0.08169460094428624,626361,626702,0.999455881742838
polygon,524,1,524,898252,10988829,0.08174228573399404,626362,626702,0.999457477397551
polygon,526,3,1578,899830,10988829,0.0818858861121599,626365,626702,0.9994622643616903
polygon,527,1,527,900357,10988829,0.08193384390638893,626366,626702,0.9994638600164033
polygon,537,2,1074,901431,10988829,0.08203157952498852,626368,626702,0.9994670513258295
polygon,538,2,1076,902507,10988829,0.08212949714660224,626370,626702,0.9994702426352556
polygon,550,2,1100,903607,10988829,0.0822295988043858,626372,626702,0.9994734339446818
polygon,558,1,558,904165,10988829,0.08228037764533419,626373,626702,0.9994750295993949
polygon,559,1,559,904724,10988829,0.08233124748778965,626374,626702,0.999476625254108
polygon,560,1,560,905284,10988829,0.08238220833175218,626375,626702,0.9994782209088211
polygon,564,1,564,905848,10988829,0.08243353318174303,626376,626702,0.9994798165635341
polygon,567,1,567,906415,10988829,0.08248513103625509,626377,626702,0.9994814122182473
polygon,572,1,572,906987,10988829,0.08253718389830254,626378,626702,0.9994830078729604
polygon,577,1,577,907564,10988829,0.08258969176788537,626379,626702,0.9994846035276734
polygon,578,1,578,908142,10988829,0.08264229063897527,626380,626702,0.9994861991823866
polygon,581,1,581,908723,10988829,0.0826951625145864,626381,626702,0.9994877948370996
polygon,591,1,591,909314,10988829,0.0827489444052683,626382,626702,0.9994893904918127
polygon,592,1,592,909906,10988829,0.08280281729745727,626383,626702,0.9994909861465258
polygon,594,1,594,910500,10988829,0.08285687219266039,626384,626702,0.9994925818012389
polygon,595,1,595,911095,10988829,0.08291101808937058,626385,626702,0.9994941774559519
polygon,596,2,1192,912287,10988829,0.08301949188580512,626387,626702,0.9994973687653781
polygon,599,1,599,912886,10988829,0.08307400178854361,626388,626702,0.9994989644200912
polygon,600,2,1200,914086,10988829,0.08318320359703477,626390,626702,0.9995021557295174
polygon,604,1,604,914690,10988829,0.08323816850730865,626391,626702,0.9995037513842304
polygon,605,1,605,915295,10988829,0.08329322441908961,626392,626702,0.9995053470389436
polygon,615,1,615,915910,10988829,0.08334919034594132,626393,626702,0.9995069426936566
polygon,622,1,622,916532,10988829,0.08340579328334256,626394,626702,0.9995085383483697
polygon,625,1,625,917157,10988829,0.08346266922526505,626395,626702,0.9995101340030828
polygon,631,1,631,917788,10988829,0.08352009117622997,626396,626702,0.9995117296577959
polygon,633,1,633,918421,10988829,0.08357769513020905,626397,626702,0.999513325312509
polygon,634,1,634,919055,10988829,0.0836353900856952,626398,626702,0.999514920967222
polygon,650,1,650,919705,10988829,0.08369454106529459,626399,626702,0.9995165166219352
polygon,654,1,654,920359,10988829,0.08375405605092226,626400,626702,0.9995181122766482
polygon,657,1,657,921016,10988829,0.08381384404107116,626401,626702,0.9995197079313614
polygon,658,1,658,921674,10988829,0.08387372303272715,626402,626702,0.9995213035860744
polygon,662,2,1324,922998,10988829,0.08399420902809572,626404,626702,0.9995244948955005
polygon,664,1,664,923662,10988829,0.08405463402879415,626405,626702,0.9995260905502137
polygon,670,1,670,924332,10988829,0.08411560503853505,626406,626702,0.9995276862049267
polygon,678,1,678,925010,10988829,0.08417730406033254,626407,626702,0.9995292818596399
polygon,693,1,693,925703,10988829,0.08424036810473619,626408,626702,0.9995308775143529
polygon,700,1,700,926403,10988829,0.08430406915968935,626409,626702,0.999532473169066
polygon,702,1,702,927105,10988829,0.08436795221765668,626410,626702,0.999534068823779
polygon,703,1,703,927808,10988829,0.08443192627713107,626411,626702,0.9995356644784922
polygon,704,1,704,928512,10988829,0.08449599133811254,626412,626702,0.9995372601332052
polygon,707,6,4242,932754,10988829,0.08488201973112877,626418,626702,0.9995468340614838
polygon,709,1,709,933463,10988829,0.08494653979964562,626419,626702,0.9995484297161968
polygon,718,1,718,934181,10988829,0.08501187888172616,626420,626702,0.99955002537091
polygon,719,1,719,934900,10988829,0.08507730896531378,626421,626702,0.999551621025623
polygon,722,1,722,935622,10988829,0.08514301205342262,626422,626702,0.9995532166803361
polygon,729,1,729,936351,10988829,0.08520935215208099,626423,626702,0.9995548123350492
polygon,730,1,730,937081,10988829,0.08527578325224644,626424,626702,0.9995564079897623
polygon,731,1,731,937812,10988829,0.08534230535391897,626425,626702,0.9995580036444753
polygon,733,1,733,938545,10988829,0.08540900945860565,626426,626702,0.9995595992991885
polygon,735,1,735,939280,10988829,0.08547589556630647,626427,626702,0.9995611949539015
polygon,742,1,742,940022,10988829,0.08554341868455684,626428,626702,0.9995627906086146
polygon,745,1,745,940767,10988829,0.08561121480732842,626429,626702,0.9995643862633277
polygon,749,1,749,941516,10988829,0.08567937493612832,626430,626702,0.9995659819180408
polygon,753,1,753,942269,10988829,0.08574789907095652,626431,626702,0.9995675775727538
polygon,754,1,754,943023,10988829,0.08581651420729179,626432,626702,0.999569173227467
polygon,755,1,755,943778,10988829,0.08588522034513414,626433,626702,0.99957076888218
polygon,758,1,758,944536,10988829,0.08595419948749772,626434,626702,0.9995723645368931
polygon,763,2,1526,946062,10988829,0.08609306778729563,626436,626702,0.9995755558463193
polygon,770,1,770,946832,10988829,0.08616313894774412,626437,626702,0.9995771515010324
polygon,774,1,774,947606,10988829,0.0862335741142209,626438,626702,0.9995787471557455
polygon,778,1,778,948384,10988829,0.08630437328672601,626439,626702,0.9995803428104586
polygon,781,2,1562,949946,10988829,0.08644651764077865,626441,626702,0.9995835341198848
polygon,782,1,782,950728,10988829,0.08651768081931205,626442,626702,0.9995851297745978
polygon,790,1,790,951518,10988829,0.08658957200990205,626443,626702,0.9995867254293109
polygon,796,1,796,952314,10988829,0.08666200920953451,626444,626702,0.999588321084024
polygon,800,1,800,953114,10988829,0.08673481041519529,626445,626702,0.9995899167387371
polygon,805,1,805,953919,10988829,0.08680806662839144,626446,626702,0.9995915123934501
polygon,806,1,806,954725,10988829,0.08688141384309465,626447,626702,0.9995931080481633
polygon,816,1,816,955541,10988829,0.08695567107286864,626448,626702,0.9995947037028763
polygon,817,1,817,956358,10988829,0.08703001930414969,626449,626702,0.9995962993575894
polygon,826,1,826,957184,10988829,0.08710518654899443,626450,626702,0.9995978950123025
polygon,831,1,831,958015,10988829,0.08718080880137456,626451,626702,0.9995994906670156
polygon,832,1,832,958847,10988829,0.08725652205526176,626452,626702,0.9996010863217286
polygon,840,1,840,959687,10988829,0.08733296332120556,626453,626702,0.9996026819764418
polygon,857,1,857,960544,10988829,0.08741095161276966,626454,626702,0.9996042776311549
polygon,860,2,1720,962264,10988829,0.08756747420494031,626456,626702,0.9996074689405811
polygon,871,1,871,963135,10988829,0.08764673651760346,626457,626702,0.9996090645952941
polygon,875,1,875,964010,10988829,0.08772636283629494,626458,626702,0.9996106602500072
polygon,878,1,878,964888,10988829,0.08780626215950763,626459,626702,0.9996122559047202
polygon,880,1,880,965768,10988829,0.08788634348573447,626460,626702,0.9996138515594334
polygon,884,1,884,966652,10988829,0.08796678881798961,626461,626702,0.9996154472141464
polygon,895,1,895,967547,10988829,0.0880482351668226,626462,626702,0.9996170428688596
polygon,900,1,900,968447,10988829,0.08813013652319096,626463,626702,0.9996186385235726
polygon,910,1,910,969357,10988829,0.08821294789463008,626464,626702,0.9996202341782857
polygon,919,1,919,970276,10988829,0.08829657827963289,626465,626702,0.9996218298329987
polygon,934,1,934,971210,10988829,0.08838157368724184,626466,626702,0.9996234254877119
polygon,935,1,935,972145,10988829,0.08846666009635785,626467,626702,0.9996250211424249
polygon,936,1,936,973081,10988829,0.08855183750698095,626468,626702,0.999626616797138
polygon,941,2,1882,974963,10988829,0.0887231023432979,626470,626702,0.9996298081065642
polygon,942,1,942,975905,10988829,0.08880882576296346,626471,626702,0.9996314037612772
polygon,948,1,948,976853,10988829,0.08889509519167146,626472,626702,0.9996329994159904
polygon,951,1,951,977804,10988829,0.0889816376249007,626473,626702,0.9996345950707035
polygon,967,1,967,978771,10988829,0.08906963608224316,626474,626702,0.9996361907254165
polygon,972,1,972,979743,10988829,0.08915808954712098,626475,626702,0.9996377863801297
polygon,987,1,987,980730,10988829,0.08924790803460496,626476,626702,0.9996393820348427
polygon,991,1,991,981721,10988829,0.08933809052811724,626477,626702,0.9996409776895558
polygon,1005,1,1005,982726,10988829,0.08942954704272857,626478,626702,0.9996425733442689
polygon,1012,1,1012,983738,10988829,0.08952164056788944,626479,626702,0.999644168998982
polygon,1013,1,1013,984751,10988829,0.0896138250945574,626480,626702,0.999645764653695
polygon,1017,1,1017,985768,10988829,0.08970637362725364,626481,626702,0.9996473603084082
polygon,1034,1,1034,986802,10988829,0.08980046918557018,626482,626702,0.9996489559631212
polygon,1038,1,1038,987840,10988829,0.08989492874991503,626483,626702,0.9996505516178343
polygon,1047,1,1047,988887,10988829,0.08999020732782356,626484,626702,0.9996521472725474
polygon,1050,2,2100,990987,10988829,0.09018131049268308,626486,626702,0.9996553385819735
polygon,1060,1,1060,992047,10988829,0.09027777209018359,626487,626702,0.9996569342366867
polygon,1065,1,1065,993112,10988829,0.09037468869521949,626488,626702,0.9996585298913997
polygon,1070,1,1070,994182,10988829,0.09047206030779076,626489,626702,0.9996601255461128
polygon,1074,1,1074,995256,10988829,0.09056979592639033,626490,626702,0.9996617212008259
polygon,1080,1,1080,996336,10988829,0.09066807755403238,626491,626702,0.999663316855539
polygon,1098,1,1098,997434,10988829,0.09076799720880177,626492,626702,0.9996649125102521
polygon,1101,1,1101,998535,10988829,0.0908681898680924,626493,626702,0.9996665081649652
polygon,1103,1,1103,999638,10988829,0.09096856453039719,626494,626702,0.9996681038196783
polygon,1123,1,1123,1000761,10988829,0.0910707592228435,626495,626702,0.9996696994743913
polygon,1135,1,1135,1001896,10988829,0.0911740459333747,626496,626702,0.9996712951291045
polygon,1150,2,2300,1004196,10988829,0.09138334939964941,626498,626702,0.9996744864385306
polygon,1156,1,1156,1005352,10988829,0.09148854714182922,626499,626702,0.9996760820932437
polygon,1183,1,1183,1006535,10988829,0.09159620192470007,626500,626702,0.9996776777479568
polygon,1187,1,1187,1007722,10988829,0.09170422071359924,626501,626702,0.9996792734026698
polygon,1206,1,1206,1008928,10988829,0.09181396853113284,626502,626702,0.999680869057383
polygon,1211,1,1211,1010139,10988829,0.09192417135620183,626503,626702,0.999682464712096
polygon,1228,1,1228,1011367,10988829,0.09203592120689111,626504,626702,0.9996840603668091
polygon,1237,1,1237,1012604,10988829,0.09214849007114406,626505,626702,0.9996856560215222
polygon,1242,1,1242,1013846,10988829,0.0922615139429324,626506,626702,0.9996872516762353
polygon,1244,1,1244,1015090,10988829,0.0923747198177349,626507,626702,0.9996888473309483
polygon,1246,1,1246,1016336,10988829,0.09248810769555155,626508,626702,0.9996904429856615
polygon,1255,2,2510,1018846,10988829,0.0927165214783122,626510,626702,0.9996936342950876
polygon,1258,1,1258,1020104,10988829,0.09283100137421375,626511,626702,0.9996952299498008
polygon,1260,1,1260,1021364,10988829,0.09294566327312946,626512,626702,0.9996968256045138
polygon,1273,1,1273,1022637,10988829,0.09306150819163717,626513,626702,0.9996984212592269
polygon,1296,1,1296,1023933,10988829,0.09317944614480761,626514,626702,0.99970001691394
polygon,1343,1,1343,1025276,10988829,0.09330166116881061,626515,626702,0.9997016125686531
polygon,1344,1,1344,1026620,10988829,0.09342396719432071,626516,626702,0.9997032082233661
polygon,1356,1,1356,1027976,10988829,0.09354736523791571,626517,626702,0.9997048038780793
polygon,1361,1,1361,1029337,10988829,0.09367121828904608,626518,626702,0.9997063995327923
polygon,1366,1,1366,1030703,10988829,0.09379552634771185,626519,626702,0.9997079951875054
polygon,1369,1,1369,1032072,10988829,0.09392010741089883,626520,626702,0.9997095908422184
polygon,1375,2,2750,1034822,10988829,0.09417036155535771,626522,626702,0.9997127821516446
polygon,1389,1,1389,1036211,10988829,0.09429676264868622,626523,626702,0.9997143778063577
polygon,1400,1,1400,1037611,10988829,0.09442416475859257,626524,626702,0.9997159734610708
polygon,1413,1,1413,1039024,10988829,0.0945527498880909,626525,626702,0.9997175691157839
polygon,1485,1,1485,1040509,10988829,0.0946878871260987,626526,626702,0.9997191647704969
polygon,1500,1,1500,1042009,10988829,0.09482438938671263,626527,626702,0.9997207604252101
polygon,1522,1,1522,1043531,10988829,0.09496289368048225,626528,626702,0.9997223560799231
polygon,1527,1,1527,1045058,10988829,0.09510185298178724,626529,626702,0.9997239517346362
polygon,1530,1,1530,1046588,10988829,0.09524108528761345,626530,626702,0.9997255473893494
polygon,1542,1,1542,1048130,10988829,0.09538140961152458,626531,626702,0.9997271430440624
polygon,1545,1,1545,1049675,10988829,0.09552200693995694,626532,626702,0.9997287386987755
polygon,1548,1,1548,1051223,10988829,0.09566287727291052,626533,626702,0.9997303343534886
polygon,1565,1,1565,1052788,10988829,0.09580529463148439,626534,626702,0.9997319300082017
polygon,1570,1,1570,1054358,10988829,0.09594816699759365,626535,626702,0.9997335256629147
polygon,1575,1,1575,1055933,10988829,0.09609149437123828,626536,626702,0.9997351213176279
polygon,1579,1,1579,1057512,10988829,0.09623518575091122,626537,626702,0.9997367169723409
polygon,1588,1,1588,1059100,10988829,0.09637969614414785,626538,626702,0.999738312627054
polygon,1600,1,1600,1060700,10988829,0.09652529855546937,626539,626702,0.9997399082817671
polygon,1605,1,1605,1062305,10988829,0.09667135597432629,626540,626702,0.9997415039364802
polygon,1618,1,1618,1063923,10988829,0.0968185964127752,626541,626702,0.9997430995911932
polygon,1631,1,1631,1065554,10988829,0.09696701987081609,626542,626702,0.9997446952459064
polygon,1633,1,1633,1067187,10988829,0.09711562533187112,626543,626702,0.9997462909006194
polygon,1639,1,1639,1068826,10988829,0.09726477680196861,626544,626702,0.9997478865553325
polygon,1641,1,1641,1070467,10988829,0.09741411027508026,626545,626702,0.9997494822100456
polygon,1686,1,1686,1072153,10988829,0.09756753881601034,626546,626702,0.9997510778647587
polygon,1730,1,1730,1073883,10988829,0.09772497142325175,626547,626702,0.9997526735194717
polygon,1755,1,1755,1075638,10988829,0.09788467906817004,626548,626702,0.9997542691741849
polygon,1758,1,1758,1077396,10988829,0.09804465971760959,626549,626702,0.999755864828898
polygon,1760,1,1760,1079156,10988829,0.09820482237006327,626550,626702,0.999757460483611
polygon,1761,1,1761,1080917,10988829,0.09836507602402403,626551,626702,0.9997590561383242
polygon,1806,2,3612,1084529,10988829,0.0986937734675824,626553,626702,0.9997622474477503
polygon,1838,1,1838,1086367,10988829,0.098861034237588,626554,626702,0.9997638431024634
polygon,1850,1,1850,1088217,10988829,0.09902938702567854,626555,626702,0.9997654387571765
polygon,1855,1,1855,1090072,10988829,0.09919819482130443,626556,626702,0.9997670344118895
polygon,1861,1,1861,1091933,10988829,0.0993675486259728,626557,626702,0.9997686300666027
polygon,1870,1,1870,1093803,10988829,0.09953772144420484,626558,626702,0.9997702257213157
polygon,1877,1,1877,1095680,10988829,0.09970853127298641,626559,626702,0.9997718213760288
polygon,1894,1,1894,1097574,10988829,0.09988088812738828,626560,626702,0.9997734170307419
polygon,1903,1,1903,1099477,10988829,0.10005406399535383,626561,626702,0.999775012685455
polygon,1908,2,3816,1103293,10988829,0.10040132574635569,626563,626702,0.9997782039948812
polygon,1940,1,1940,1105233,10988829,0.10057786867008305,626564,626702,0.9997797996495942
polygon,1957,1,1957,1107190,10988829,0.1007559586194307,626565,626702,0.9997813953043073
polygon,1968,1,1968,1109158,10988829,0.10093504958535618,626566,626702,0.9997829909590203
polygon,2020,1,2020,1111178,10988829,0.10111887262964962,626567,626702,0.9997845866137335
polygon,2047,1,2047,1113225,10988829,0.10130515271463411,626568,626702,0.9997861822684466
polygon,2130,1,2130,1115355,10988829,0.1014989859247059,626569,626702,0.9997877779231596
polygon,2168,1,2168,1117523,10988829,0.10169627719204657,626570,626702,0.9997893735778728
polygon,2174,1,2174,1119697,10988829,0.1018941144684297,626571,626702,0.9997909692325858
polygon,2220,1,2220,1121917,10988829,0.10209613781413834,626572,626702,0.999792564887299
polygon,2317,1,2317,1124234,10988829,0.10230698830603334,626573,626702,0.999794160542012
polygon,2337,1,2337,1126571,10988829,0.10251965882806985,626574,626702,0.9997957561967251
polygon,2340,1,2340,1128911,10988829,0.1027326023546276,626575,626702,0.9997973518514381
polygon,2394,1,2394,1131305,10988829,0.10295045996256744,626576,626702,0.9997989475061513
polygon,2465,1,2465,1133770,10988829,0.10317477867750968,626577,626702,0.9998005431608643
polygon,2535,1,2535,1136305,10988829,0.10340546749794724,626578,626702,0.9998021388155774
polygon,2593,1,2593,1138898,10988829,0.1036414344057952,626579,626702,0.9998037344702905
polygon,2608,1,2608,1141506,10988829,0.10387876633624929,626580,626702,0.9998053301250036
polygon,2750,1,2750,1144256,10988829,0.10412902048070818,626581,626702,0.9998069257797166
polygon,2763,1,2763,1147019,10988829,0.10438045764475906,626582,626702,0.9998085214344298
polygon,2775,1,2775,1149794,10988829,0.10463298682689484,626583,626702,0.9998101170891428
polygon,2800,1,2800,1152594,10988829,0.10488779104670752,626584,626702,0.9998117127438559
polygon,2867,1,2867,1155461,10988829,0.1051486923674943,626585,626702,0.999813308398569
polygon,2880,1,2880,1158341,10988829,0.10541077670787306,626586,626702,0.9998149040532821
polygon,2887,1,2887,1161228,10988829,0.10567349805880136,626587,626702,0.9998164997079951
polygon,3071,1,3071,1164299,10988829,0.10595296368703162,626588,626702,0.9998180953627083
polygon,3167,1,3167,1167466,10988829,0.10624116545994118,626589,626702,0.9998196910174214
polygon,3170,2,6340,1173806,10988829,0.10681811501480276,626591,626702,0.9998228823268476
polygon,3188,1,3188,1176994,10988829,0.10710822781936091,626592,626702,0.9998244779815606
polygon,3222,1,3222,1180216,10988829,0.10740143467515965,626593,626702,0.9998260736362737
polygon,3223,1,3223,1183439,10988829,0.10769473253246548,626594,626702,0.9998276692909868
polygon,3230,1,3230,1186669,10988829,0.10798866740032081,626595,626702,0.9998292649456999
polygon,3280,1,3280,1189949,10988829,0.10828715234352997,626596,626702,0.9998308606004129
polygon,3283,1,3283,1193232,10988829,0.10858591029126033,626597,626702,0.9998324562551261
polygon,3289,1,3289,1196521,10988829,0.10888521424803316,626598,626702,0.9998340519098391
polygon,3429,1,3429,1199950,10988829,0.10919725841579662,626599,626702,0.9998356475645522
polygon,3496,1,3496,1203446,10988829,0.10951539968453418,626600,626702,0.9998372432192653
polygon,3599,1,3599,1207045,10988829,0.10984291410850056,626601,626702,0.9998388388739784
polygon,3608,1,3608,1210653,10988829,0.11017124754603061,626602,626702,0.9998404345286914
polygon,3673,1,3673,1214326,10988829,0.1105054960815206,626603,626702,0.9998420301834046
polygon,3684,1,3684,1218010,10988829,0.11084074563358844,626604,626702,0.9998436258381176
polygon,3750,1,3750,1221760,10988829,0.11118200128512329,626605,626702,0.9998452214928307
polygon,3840,1,3840,1225600,10988829,0.11153144707229497,626606,626702,0.9998468171475438
polygon,3864,1,3864,1229464,10988829,0.11188307689563647,626607,626702,0.9998484128022569
polygon,4080,1,4080,1233544,10988829,0.11225436304450638,626608,626702,0.99985000845697
polygon,4102,1,4102,1237646,10988829,0.11262765122653197,626609,626702,0.9998516041116831
polygon,4486,1,4486,1242132,10988829,0.11303588398727471,626610,626702,0.9998531997663962
polygon,4591,1,4591,1246723,10988829,0.11345367190626043,626611,626702,0.9998547954211092
polygon,4665,1,4665,1251388,10988829,0.11387819393676979,626612,626702,0.9998563910758224
polygon,4671,1,4671,1256059,10988829,0.1143032619763216,626613,626702,0.9998579867305354
polygon,5105,1,5105,1261164,10988829,0.11476782466994435,626614,626702,0.9998595823852485
polygon,5277,1,5277,1266441,10988829,0.1152480396227842,626615,626702,0.9998611780399616
polygon,5379,1,5379,1271820,10988829,0.11573753672934578,626616,626702,0.9998627736946747
polygon,5418,1,5418,1277238,10988829,0.11623058289468331,626617,626702,0.9998643693493877
polygon,5579,1,5579,1282817,10988829,0.11673828030266009,626618,626702,0.9998659650041009
polygon,5655,1,5655,1288472,10988829,0.11725289382517463,626619,626702,0.9998675606588139
polygon,5734,1,5734,1294206,10988829,0.11777469646674818,626620,626702,0.999869156313527
polygon,5748,1,5748,1299954,10988829,0.1182977731294208,626621,626702,0.99987075196824
polygon,6111,1,6111,1306065,10988829,0.11885388333916198,626622,626702,0.9998723476229532
polygon,6334,1,6334,1312399,10988829,0.1194302868849811,626623,626702,0.9998739432776662
polygon,6464,1,6464,1318863,10988829,0.1200185206267201,626624,626702,0.9998755389323793
polygon,6645,1,6645,1325508,10988829,0.12062322564123984,626625,626702,0.9998771345870924
polygon,6769,1,6769,1332277,10988829,0.12123921484263701,626626,626702,0.9998787302418055
polygon,6798,1,6798,1339075,10988829,0.12185784308773938,626627,626702,0.9998803258965187
polygon,6858,1,6858,1345933,10988829,0.1224819314232663,626628,626702,0.9998819215512317
polygon,6951,1,6951,1352884,10988829,0.12311448289895129,626629,626702,0.9998835172059448
polygon,6989,1,6989,1359873,10988829,0.12375049243190517,626630,626702,0.9998851128606578
polygon,7239,1,7239,1367112,10988829,0.12440925234162803,626631,626702,0.999886708515371
polygon,7348,1,7348,1374460,10988829,0.12507793141562218,626632,626702,0.999888304170084
polygon,7641,1,7641,1382101,10988829,0.12577327393118956,626633,626702,0.9998898998247971
polygon,7898,1,7898,1389999,10988829,0.1264920038340755,626634,626702,0.9998914954795102
polygon,7965,1,7965,1397964,10988829,0.1272168308379355,626635,626702,0.9998930911342233
polygon,8048,1,8048,1406012,10988829,0.12794921096688283,626636,626702,0.9998946867889363
polygon,8725,1,8725,1414737,10988829,0.12874319911612056,626637,626702,0.9998962824436495
polygon,8880,1,8880,1423617,10988829,0.12955129249895508,626638,626702,0.9998978780983625
polygon,8922,1,8922,1432539,10988829,0.13036320794508677,626639,626702,0.9998994737530756
polygon,9510,1,9510,1442049,10988829,0.13122863227737916,626640,626702,0.9999010694077887
polygon,9664,1,9664,1451713,10988829,0.1321080708417612,626641,626702,0.9999026650625018
polygon,10118,1,10118,1461831,10988829,0.13302882409035577,626642,626702,0.9999042607172148
polygon,10132,1,10132,1471963,10988829,0.13395085136004936,626643,626702,0.999905856371928
polygon,10200,1,10200,1482163,10988829,0.13487906673222416,626644,626702,0.999907452026641
polygon,10307,1,10307,1492470,10988829,0.13581701926565606,626645,626702,0.9999090476813541
polygon,11054,1,11054,1503524,10988829,0.1368229499248737,626646,626702,0.9999106433360673
polygon,11237,1,11237,1514761,10988829,0.13784553385988627,626647,626702,0.9999122389907803
polygon,12160,1,12160,1526921,10988829,0.1389521121859299,626648,626702,0.9999138346454934
polygon,12175,1,12175,1539096,10988829,0.1400600555345797,626649,626702,0.9999154303002065
polygon,12395,1,12395,1551491,10988829,0.14118801921478621,626650,626702,0.9999170259549196
polygon,13070,1,13070,1564561,10988829,0.142377408912269,626651,626702,0.9999186216096326
polygon,13552,1,13552,1578113,10988829,0.14361066133616238,626652,626702,0.9999202172643458
polygon,13565,1,13565,1591678,10988829,0.14484509677964777,626653,626702,0.9999218129190588
polygon,13900,1,13900,1605578,10988829,0.14611001772800358,626654,626702,0.9999234085737719
polygon,14540,1,14540,1620118,10988829,0.14743317964088803,626655,626702,0.999925004228485
polygon,15907,1,15907,1636025,10988829,0.1488807406139453,626656,626702,0.9999265998831981
polygon,16468,2,32936,1668961,10988829,0.15187796625099909,626658,626702,0.9999297911926243
polygon,17387,1,17387,1686348,10988829,0.1534602094545288,626659,626702,0.9999313868473373
polygon,18174,1,18174,1704522,10988829,0.15511407084412726,626660,626702,0.9999329825020504
polygon,18307,1,18307,1722829,10988829,0.15678003543416683,626661,626702,0.9999345781567635
polygon,20224,1,20224,1743053,10988829,0.158620449913271,626662,626702,0.9999361738114766
polygon,20480,1,20480,1763533,10988829,0.16048416077818664,626663,626702,0.9999377694661896
polygon,21555,1,21555,1785088,10988829,0.16244569826320893,626664,626702,0.9999393651209028
polygon,21736,1,21736,1806824,10988829,0.16442370702101197,626665,626702,0.9999409607756159
polygon,22604,1,22604,1829428,10988829,0.16648070508695695,626666,626702,0.9999425564303289
polygon,24773,1,24773,1854201,10988829,0.16873508542174967,626667,626702,0.9999441520850421
polygon,26450,1,26450,1880651,10988829,0.1711420752839088,626668,626702,0.9999457477397551
polygon,27812,1,27812,1908463,10988829,0.17367300919870535,626669,626702,0.9999473433944682
polygon,29185,1,29185,1937648,10988829,0.1763288881827172,626670,626702,0.9999489390491813
polygon,29545,1,29545,1967193,10988829,0.1790175277092764,626671,626702,0.9999505347038944
polygon,30049,1,30049,1997242,10988829,0.18175203199540188,626672,626702,0.9999521303586074
polygon,31168,1,31168,2028410,10988829,0.18458836696794537,626673,626702,0.9999537260133206
polygon,33141,1,33141,2061551,10988829,0.1876042479139497,626674,626702,0.9999553216680336
polygon,35653,1,35653,2097204,10988829,0.19084872464572886,626675,626702,0.9999569173227467
polygon,44783,1,44783,2141987,10988829,0.1949240451371115,626676,626702,0.9999585129774597
polygon,48288,1,48288,2190275,10988829,0.1993183259107954,626677,626702,0.9999601086321729
polygon,50000,1,50000,2240275,10988829,0.20386840126459335,626678,626702,0.9999617042868859
polygon,52800,1,52800,2293075,10988829,0.20867328083820397,626679,626702,0.999963299941599
polygon,54608,1,54608,2347683,10988829,0.21364269113660792,626680,626702,0.9999648955963121
polygon,59189,1,59189,2406872,10988829,0.21902897933892684,626681,626702,0.9999664912510252
polygon,60659,1,60659,2467531,10988829,0.22454903975664742,626682,626702,0.9999680869057382
polygon,61148,1,61148,2528679,10988829,0.23011359991132813,626683,626702,0.9999696825604514
polygon,65749,1,65749,2594428,10988829,0.23609685800006533,626684,626702,0.9999712782151645
polygon,66102,1,66102,2660530,10988829,0.24211223962080036,626685,626702,0.9999728738698775
polygon,81325,1,81325,2741855,10988829,0.2495129371837527,626686,626702,0.9999744695245907
polygon,104862,1,104862,2846717,10988829,0.25905553721875185,626687,626702,0.9999760651793037
polygon,107210,1,107210,2953927,10988829,0.26881180879236544,626688,626702,0.9999776608340168
polygon,108732,1,108732,3062659,10988829,0.27870658465974857,626689,626702,0.9999792564887299
polygon,120517,1,120517,3183176,10988829,0.2896738132880219,626690,626702,0.999980852143443
polygon,136062,1,136062,3319238,10988829,0.30205566034379094,626691,626702,0.999982447798156
polygon,141213,1,141213,3460451,10988829,0.3149062561625083,626692,626702,0.9999840434528692
polygon,158715,1,158715,3619166,10988829,0.3293495603580691,626693,626702,0.9999856391075822
polygon,160239,1,160239,3779405,10988829,0.34393155085041366,626694,626702,0.9999872347622953
polygon,209698,1,209698,3989103,10988829,0.363014384881228,626695,626702,0.9999888304170084
polygon,226107,1,226107,4215210,10988829,0.3835904626416518,626696,626702,0.9999904260717215
polygon,372700,1,372700,4587910,10988829,0.4175067243288616,626697,626702,0.9999920217264345
polygon,495788,1,495788,5083698,10988829,0.462624179519037,626698,626702,0.9999936173811477
polygon,721849,1,721849,5805547,10988829,0.5283135264003107,626699,626702,0.9999952130358607
polygon,940281,1,940281,6745828,10988829,0.6138805144752002,626700,626702,0.9999968086905738
polygon,1580440,1,1580440,8326268,10988829,0.7577029363183284,626701,626702,0.9999984043452869
polygon,2662561,1,2662561,10988829,10988829,1.0,626702,626702,1.0
